Objective value: 6332
Running time: 1.250980
Number customers: 500
Number vehicles: 50
Solution:
0 85 335 280 1 73 235 400 446 177 0
0 116 421 82 91 369 341 206 2 305 479 0
0 3 346 207 122 419 455 308 0
0 209 363 279 134 268 459 492 4 415 0
0 75 390 146 53 491 167 5 57 309 350 231 442 0
0 450 150 356 456 298 56 163 440 214 6 422 0
0 432 254 452 141 7 473 93 327 412 169 0
0 428 55 317 304 155 201 105 482 8 352 0
0 171 242 500 110 9 405 344 0
0 10 497 368 239 474 203 151 258 284 391 112 137 0
0 416 168 109 293 320 244 76 365 11 462 0
0 340 194 499 224 117 417 12 270 0
0 286 342 375 13 161 64 226 156 437 488 411 0
0 95 174 14 425 236 379 322 0
0 448 325 92 469 210 436 152 15 240 498 372 427 0
0 245 172 311 63 204 407 16 283 324 160 135 0
0 17 83 138 396 276 195 255 312 461 219 65 0
0 143 18 399 463 326 252 233 263 354 0
0 227 86 493 397 100 247 414 60 19 294 339 147 74 0
0 229 278 69 189 220 78 378 306 20 104 466 0
0 475 264 272 101 329 21 180 408 423 107 0
0 243 296 132 22 383 190 458 197 289 0
0 23 330 321 338 166 153 409 314 371 68 250 345 144 0
0 51 302 430 24 386 494 186 103 222 292 0
0 196 265 115 218 25 489 467 315 67 139 381 0
0 259 26 158 433 175 96 361 332 0
0 343 260 27 424 162 72 90 199 0
0 323 28 102 193 295 288 403 121 447 94 496 228 0
0 358 87 165 223 444 29 54 118 290 0
0 187 316 426 351 457 131 271 336 30 366 297 0
0 460 145 88 31 374 71 443 287 392 212 337 237 0
0 398 347 32 62 211 221 133 465 441 307 0
0 149 418 33 380 241 225 97 179 334 123 485 0
0 328 99 273 127 384 464 182 148 34 0
0 348 98 251 477 178 404 395 35 0
0 238 248 191 36 331 413 130 490 0
0 181 389 198 108 37 453 301 333 0
0 136 38 176 185 277 367 393 79 476 0
0 291 470 364 266 253 39 431 89 410 170 80 0
0 120 188 230 353 111 376 267 257 40 449 319 468 480 140 0
0 41 269 126 355 429 184 401 299 84 387 481 0
0 388 451 81 495 282 106 261 42 360 125 61 159 216 0
0 281 119 359 445 52 232 435 43 164 0
0 472 114 173 420 357 274 234 44 208 0
0 129 213 45 310 142 484 394 0
0 439 370 285 487 217 46 58 128 256 0
0 47 385 471 200 303 154 349 59 434 183 406 0
0 300 77 483 382 48 215 438 275 157 246 0
0 202 362 124 49 318 249 66 454 0
0 373 262 50 313 113 402 478 70 192 486 377 205 0
