Objective value: 6677
Running time: 3.815242
Number customers: 1000
Number vehicles: 100
Solution:
0 977 545 117 336 861 259 1 706 395 0
0 798 536 949 174 2 350 834 308 517 682 472 0
0 810 992 448 3 381 634 195 722 114 542 0
0 684 183 822 4 445 616 903 420 275 0
0 835 905 850 776 5 519 399 607 649 188 257 939 0
0 623 911 782 492 410 6 243 0
0 382 7 332 753 146 487 594 927 539 953 220 0
0 360 156 808 891 185 508 247 8 538 269 631 122 0
0 436 9 273 812 169 962 385 615 685 0
0 565 757 242 892 388 657 10 603 872 215 0
0 647 583 434 934 11 865 245 353 694 0
0 733 577 343 486 700 864 12 196 772 0
0 318 675 352 234 556 979 13 423 173 747 804 0
0 897 480 134 784 669 306 498 14 533 162 0
0 182 568 773 932 639 129 340 15 693 452 0
0 516 16 226 260 405 665 926 785 0
0 774 854 349 940 109 416 17 829 458 643 915 268 0
0 313 521 946 235 351 178 762 18 674 297 0
0 868 553 299 755 19 309 510 145 805 598 451 0
0 740 20 569 887 551 285 963 460 670 193 0
0 110 265 866 21 617 526 998 345 687 0
0 128 214 983 392 642 475 524 22 768 823 0
0 23 312 482 377 432 791 153 664 960 779 0
0 571 24 843 190 600 136 499 355 229 800 688 0
0 227 795 456 996 25 522 106 133 341 641 328 502 0
0 579 453 251 172 730 26 149 794 283 914 856 604 0
0 258 746 957 930 157 365 379 476 602 27 978 836 0
0 637 446 997 793 140 111 28 304 490 803 391 378 470 0
0 130 440 701 501 271 449 29 191 846 581 0
0 165 411 547 280 658 787 30 588 920 718 0
0 993 322 862 760 902 155 431 589 31 0
0 32 221 870 721 611 852 633 393 489 0
0 33 663 231 972 326 814 428 554 0
0 142 159 697 819 884 599 34 666 248 447 357 0
0 35 286 610 985 394 913 858 175 534 691 0
0 980 36 761 171 860 656 847 481 469 300 327 0
0 37 425 874 527 305 282 398 184 690 0
0 253 609 555 212 38 851 725 528 442 956 0
0 797 961 635 981 413 403 373 186 39 584 0
0 899 40 430 738 677 104 587 256 0
0 578 679 263 41 976 467 853 138 390 0
0 42 549 591 769 151 288 429 455 749 660 719 105 951 0
0 421 43 289 699 439 254 141 816 606 0
0 723 626 975 906 417 238 44 575 614 0
0 187 954 801 287 659 45 329 346 552 409 875 0
0 46 877 158 369 219 692 544 230 301 107 612 0
0 47 152 715 563 621 339 590 880 820 389 0
0 988 758 896 48 618 240 495 324 0
0 290 49 651 895 331 463 923 935 181 619 824 0
0 160 342 844 1000 566 681 50 204 396 0
0 807 849 199 629 766 986 51 358 465 0
0 441 52 319 712 284 759 270 924 205 574 0
0 918 177 444 751 307 53 876 627 0
0 613 366 443 54 778 922 264 228 0
0 135 55 537 705 984 792 210 426 338 0
0 310 907 655 748 941 580 457 56 233 207 262 0
0 101 57 928 636 347 194 890 813 515 0
0 711 201 833 734 124 917 367 58 541 811 424 139 0
0 783 321 491 59 894 505 689 147 625 0
0 889 454 281 696 567 60 837 208 0
0 404 764 561 237 948 827 716 61 0
0 127 239 945 407 550 400 780 974 62 717 0
0 661 838 724 461 202 496 402 267 770 63 971 0
0 64 737 573 857 163 881 131 314 435 919 942 0
0 334 170 189 344 65 929 507 726 959 832 479 585 0
0 525 742 796 368 729 132 66 950 296 473 620 0
0 840 970 560 236 955 912 119 67 680 406 0
0 161 464 274 108 500 821 968 311 509 745 650 68 115 0
0 323 597 69 112 361 750 965 936 164 422 0
0 973 370 788 990 232 468 593 70 806 952 713 143 0
0 209 654 839 771 325 71 592 462 605 848 720 632 477 0
0 702 879 72 276 433 789 622 493 167 0
0 176 401 582 904 73 559 739 279 982 0
0 74 646 255 628 494 910 249 348 744 817 0
0 668 543 418 315 179 831 938 75 166 0
0 943 197 777 630 76 294 375 485 272 125 0
0 676 842 893 752 414 372 964 882 198 77 531 126 596 0
0 252 994 710 886 921 103 532 78 408 0
0 120 292 845 671 572 514 830 79 223 213 937 387 0
0 595 958 302 672 80 148 474 412 767 933 0
0 728 558 150 438 825 277 102 81 869 0
0 901 82 695 873 137 562 291 320 504 397 0
0 995 815 317 386 640 83 683 144 506 0
0 84 123 437 727 570 298 211 931 743 0
0 518 376 686 224 85 989 809 0
0 781 826 802 192 86 419 548 244 624 0
0 698 530 885 87 648 295 871 246 384 0
0 638 511 88 380 828 241 662 0
0 944 154 557 266 478 735 786 89 330 987 898 303 0
0 991 90 364 704 855 731 520 121 741 225 0
0 645 203 966 765 608 859 503 354 91 0
0 708 362 415 601 529 218 900 863 466 92 0
0 459 337 790 967 540 513 222 93 644 703 0
0 427 653 707 94 714 908 999 867 359 523 586 168 763 0
0 363 878 383 95 732 678 118 564 113 217 546 0
0 216 371 497 709 96 883 916 535 0
0 484 180 841 775 97 756 673 293 374 0
0 947 483 335 98 471 818 316 200 667 278 0
0 356 512 888 206 99 261 488 925 652 736 0
0 754 969 116 576 100 909 250 333 450 799 0
