Objective value: 11703
Running time: 7.328706
Number customers: 1000
Number vehicles: 50
Solution:
0 259 927 800 64 851 342 634 867 116 838 427 512 1 597 165 222 245 736 710 993 685 0
0 188 356 395 458 272 336 798 954 892 2 598 943 714 632 113 221 809 542 582 385 0
0 71 382 257 645 354 551 717 3 393 471 868 987 185 817 154 961 575 0
0 569 83 160 805 249 686 386 888 422 316 4 593 848 945 487 742 0
0 594 755 170 141 5 951 832 117 224 78 792 932 510 744 310 668 903 364 887 335 454 0
0 169 612 850 101 813 406 720 260 680 745 789 553 82 325 489 501 879 6 906 332 994 0
0 883 557 321 683 167 7 105 462 521 801 305 713 907 407 973 211 637 772 0
0 122 398 910 751 468 834 827 8 704 275 189 958 360 782 639 552 54 980 716 0
0 248 564 718 947 166 498 627 110 526 353 460 957 397 783 837 983 875 283 9 0
0 760 586 738 481 350 337 10 646 697 624 204 396 328 780 618 843 112 909 531 991 254 0
0 11 178 447 913 86 684 925 214 274 692 855 610 779 366 989 522 0
0 628 470 849 979 176 831 362 904 445 81 270 916 608 681 694 566 127 12 776 0
0 472 130 638 996 220 765 351 830 258 111 13 929 676 408 558 580 731 588 709 0
0 435 352 14 662 367 238 938 758 327 836 856 191 125 571 749 80 491 0
0 355 651 15 493 126 190 244 739 788 940 617 331 898 323 861 414 981 563 79 0
0 944 495 361 767 865 911 135 156 225 72 573 16 443 822 242 626 952 721 833 878 297 0
0 187 334 620 319 151 693 85 948 392 881 17 995 241 591 743 897 476 538 791 0
0 914 806 18 607 341 520 456 161 226 421 278 540 873 766 690 992 97 0
0 59 19 423 810 946 311 615 104 233 707 802 555 525 347 152 138 605 494 482 976 504 893 210 0
0 264 732 89 302 853 939 371 561 484 518 661 281 463 901 139 609 803 428 20 194 599 288 0
0 346 746 922 696 587 394 787 964 672 223 21 604 535 290 179 677 449 88 306 828 120 0
0 174 315 596 818 477 378 22 733 488 977 158 231 622 514 667 896 91 0
0 884 461 474 439 480 956 737 601 333 794 87 658 99 405 155 513 205 523 23 271 293 0
0 985 68 663 404 726 148 236 163 823 418 322 317 282 142 375 636 629 24 784 933 506 603 918 0
0 181 448 649 572 955 986 829 543 343 631 134 263 864 25 963 778 730 380 53 0
0 524 824 869 759 26 516 368 719 252 312 219 300 687 75 374 330 90 452 942 234 962 614 183 0
0 928 665 466 984 475 757 857 77 27 585 429 688 814 266 144 556 358 239 0
0 28 417 486 880 403 674 934 560 769 285 133 320 650 863 433 370 581 298 218 121 196 701 567 0
0 584 517 267 198 727 900 890 921 756 465 284 98 164 623 363 74 294 699 29 51 819 858 389 217 825 0
0 949 804 357 410 695 324 437 132 670 103 902 503 30 648 773 606 990 84 58 511 212 228 826 0
0 492 891 118 467 232 988 31 583 146 431 344 747 682 109 546 768 974 459 247 797 0
0 345 790 735 32 845 644 168 528 600 912 184 500 426 192 143 56 253 304 62 73 706 0
0 505 446 123 997 230 656 578 76 705 953 975 381 807 734 871 33 886 286 243 441 519 193 562 0
0 200 34 592 279 499 413 314 816 63 854 998 917 100 150 770 240 678 0
0 862 35 970 237 841 340 923 229 388 781 299 65 424 595 175 741 529 589 679 106 434 0
0 387 899 202 261 764 67 842 590 36 965 660 313 671 483 153 576 209 0
0 273 37 844 920 502 774 216 966 95 390 675 318 171 432 621 715 235 533 0
0 182 444 919 94 38 329 509 136 625 698 536 195 812 60 287 905 763 808 399 411 0
0 479 611 570 753 384 457 936 246 107 39 430 308 577 633 197 359 415 847 206 666 0
0 268 215 436 752 655 795 40 119 724 895 365 613 860 530 937 296 129 0
0 874 69 93 497 425 379 180 777 490 664 442 349 691 250 930 41 725 579 0
0 549 372 642 92 496 700 811 619 256 978 935 762 796 450 866 276 173 199 872 42 0
0 673 203 157 292 70 280 799 383 213 473 400 227 43 616 630 972 369 870 262 539 894 711 0
0 568 289 550 689 708 926 55 326 885 44 451 771 301 420 534 201 657 416 643 478 821 124 0
0 412 402 959 702 128 882 303 574 544 654 748 208 455 115 820 464 982 45 515 846 537 0
0 653 941 108 295 207 559 46 960 876 602 137 840 750 377 532 453 729 0
0 915 177 469 852 309 61 793 712 269 775 338 409 950 548 438 47 740 839 508 131 967 641 761 114 924 0
0 391 785 931 547 669 968 96 277 48 265 102 1000 52 147 440 722 647 527 186 565 859 339 0
0 307 652 889 507 971 348 376 251 49 140 419 541 728 554 159 815 703 66 635 0
0 999 908 545 145 640 754 723 485 50 835 162 969 291 172 57 786 401 149 373 659 877 255 0
