Objective value: 6277
Running time: 0.410739
Number customers: 200
Number vehicles: 20
Solution:
0 1 95 138 64 44 83 191 79 99 157 0
0 59 187 37 26 76 151 118 2 143 98 0
0 123 45 112 3 152 179 82 30 100 0
0 4 139 117 149 89 129 194 160 62 42 182 174 0
0 171 165 38 101 52 153 200 67 5 110 145 24 72 0
0 73 131 6 177 146 36 96 0
0 115 56 163 180 7 46 130 71 0
0 199 144 8 25 142 159 168 75 39 105 195 0
0 167 53 9 198 22 108 27 80 128 0
0 10 66 147 107 88 34 185 120 150 0
0 104 92 21 175 158 57 29 136 41 85 11 0
0 65 28 127 121 12 70 155 97 137 186 0
0 74 134 111 172 189 178 13 33 93 140 122 60 0
0 40 94 14 31 161 192 87 69 119 126 35 181 0
0 90 164 102 196 47 15 61 133 0
0 184 170 81 113 16 58 148 32 173 154 0
0 77 116 17 183 48 103 141 190 166 0
0 176 54 135 49 169 109 125 84 18 0
0 43 124 63 19 55 188 68 86 162 50 197 0
0 193 156 114 91 20 106 23 51 78 132 0
