Objective value: 8603
Running time: 2.791973
Number customers: 700
Number vehicles: 50
Solution:
0 369 583 454 622 634 131 508 616 201 111 284 1 0
0 104 282 356 146 394 654 552 202 482 443 2 0
0 170 330 105 416 642 670 258 624 535 447 680 3 0
0 149 568 679 285 378 223 473 323 496 4 613 71 124 155 370 0
0 650 486 514 685 219 434 5 274 639 100 354 214 388 193 585 0
0 240 6 64 472 529 220 134 343 52 688 457 584 377 267 0
0 125 601 227 7 107 60 222 652 525 353 279 469 431 147 0
0 58 108 551 464 467 159 319 8 266 426 366 586 239 690 0
0 544 114 663 127 212 628 593 289 9 272 367 405 448 523 196 0
0 558 425 175 10 636 406 133 332 255 689 139 498 119 0
0 449 287 298 348 548 340 206 93 11 436 524 184 619 691 461 0
0 117 276 623 312 210 357 12 428 302 500 599 0
0 526 91 106 300 602 169 230 566 362 452 674 13 0
0 591 534 246 455 618 75 342 520 135 408 177 324 14 57 375 655 603 254 0
0 371 137 77 326 505 629 15 542 463 293 226 444 596 0
0 129 325 16 53 217 646 485 245 559 627 364 67 397 693 0
0 62 224 610 528 329 700 380 263 389 667 495 458 17 144 154 0
0 18 638 612 116 423 334 506 208 466 253 516 475 163 0
0 290 19 518 173 87 451 250 54 682 605 398 109 361 574 626 0
0 620 203 183 292 501 421 668 89 331 563 20 0
0 488 79 21 411 556 115 270 213 632 191 384 333 0
0 171 661 247 696 493 318 561 22 483 385 112 0
0 647 439 376 118 249 338 161 23 567 492 269 0
0 414 141 73 562 489 24 337 672 658 204 666 251 313 0
0 474 641 422 580 72 280 25 138 497 532 592 410 160 215 336 0
0 66 424 350 182 665 148 577 478 502 26 261 0
0 341 27 533 126 407 372 190 578 527 277 56 479 595 644 0
0 575 695 70 207 90 273 346 28 143 660 511 420 547 0
0 656 438 594 94 386 316 507 643 257 168 697 29 283 231 0
0 570 228 676 490 262 576 445 308 587 85 510 156 30 345 393 0
0 415 98 86 640 400 365 252 69 31 374 192 540 460 294 0
0 296 317 128 373 597 102 264 541 433 194 32 503 113 185 150 678 232 0
0 103 33 244 582 349 174 669 121 200 687 442 698 519 429 417 281 0
0 314 181 189 530 123 450 233 34 145 335 590 409 615 81 554 358 0
0 234 142 51 517 625 339 306 96 589 555 657 476 419 35 0
0 399 178 446 536 662 99 553 265 569 320 427 288 604 36 0
0 683 199 271 522 481 84 462 344 441 395 557 598 65 37 176 307 0
0 291 152 645 579 76 186 437 494 209 633 68 322 328 38 359 235 0
0 630 440 560 248 39 275 74 110 303 162 387 531 565 0
0 40 621 659 63 564 221 504 352 396 120 278 459 404 158 0
0 218 151 699 588 418 41 608 573 513 122 229 401 309 327 260 0
0 363 412 543 402 132 205 390 197 538 256 694 465 675 311 55 42 607 0
0 539 382 684 95 499 673 225 351 468 43 649 509 166 295 491 211 130 571 0
0 600 347 456 179 82 321 512 413 236 136 686 435 44 0
0 216 581 315 97 648 45 487 241 172 391 59 572 484 0
0 46 477 188 101 379 631 242 430 301 546 692 392 521 157 0
0 47 637 453 259 304 83 92 368 609 153 614 299 167 653 671 515 195 0
0 310 471 360 268 238 48 88 383 651 635 180 297 550 0
0 165 187 49 61 243 403 681 470 355 80 432 545 617 286 0
0 611 198 664 140 164 677 549 381 537 50 305 78 480 237 606 0
