Objective value: 1883
Running time: 0.143436
Number customers: 100
Number vehicles: 50
Solution:
0 72 1 0
0 2 0
0 65 3 0
0 4 99 0
0 5 84 0
0 81 6 0
0 7 77 0
0 8 0
0 9 0
0 76 10 0
0 11 0
0 57 12 0
0 13 87 0
0 14 0
0 15 67 0
0 16 0
0 55 17 68 0
0 18 0
0 70 19 59 0
0 53 90 20 0
0 71 21 0
0 89 22 0
0 92 62 23 0
0 24 66 56 0
0 97 25 0
0 91 26 0
0 27 85 0
0 28 64 54 0
0 29 82 0
0 80 30 0
0 74 31 94 0
0 32 0
0 33 73 0
0 34 0
0 86 35 0
0 100 61 36 0
0 83 63 37 0
0 95 38 0
0 39 93 0
0 40 96 0
0 41 75 0
0 42 0
0 43 0
0 69 44 0
0 45 88 51 0
0 58 46 0
0 47 52 78 0
0 48 98 0
0 49 60 0
0 79 50 0
