Objective value: 14245
Running time: 5.293566
Number customers: 500
Number vehicles: 20
Solution:
0 88 458 449 155 291 310 413 1 86 367 182 80 336 144 233 206 48 488 33 166 111 254 379 0
0 468 372 189 399 153 96 31 131 244 286 2 456 376 243 494 214 223 340 58 319 436 463 431 274 0
0 457 62 128 328 423 36 257 353 249 238 215 389 288 176 484 92 3 140 315 77 222 395 0
0 81 394 294 241 40 493 420 120 357 426 402 397 97 136 268 69 167 476 216 195 321 364 338 469 129 4 0
0 290 103 246 470 212 121 263 466 186 489 35 416 51 201 93 322 455 453 375 63 5 135 295 396 348 232 172 408 0
0 6 370 209 39 383 154 363 307 91 173 266 417 473 99 204 285 355 289 253 55 221 260 123 492 23 175 432 59 318 0
0 335 280 309 406 427 85 7 181 250 152 78 475 115 187 275 380 344 198 461 44 229 24 0
0 21 106 500 170 339 8 477 159 483 390 32 211 428 262 234 298 441 133 184 411 65 113 316 459 360 0
0 418 331 41 313 305 439 193 174 445 239 414 424 157 388 9 130 447 356 299 264 256 60 108 487 300 150 74 53 0
0 332 188 251 107 269 10 302 151 259 200 219 114 50 404 281 347 478 382 438 84 0
0 11 89 368 277 401 161 491 71 134 352 169 308 365 450 341 434 43 465 141 227 247 392 190 118 236 110 0
0 261 361 171 54 446 272 378 192 102 57 472 403 351 30 225 323 98 330 304 386 112 27 66 430 498 142 12 0
0 213 374 38 443 95 28 208 354 464 292 440 301 482 125 179 34 267 242 429 146 82 320 13 163 410 0
0 220 14 314 237 273 124 405 366 276 180 162 293 391 47 185 385 435 75 474 100 343 0
0 218 168 205 452 412 359 68 137 296 333 15 122 350 327 70 245 381 226 49 196 460 132 490 271 87 0
0 67 373 207 326 462 160 479 61 349 433 197 119 104 407 454 265 499 26 16 224 64 149 467 258 415 139 45 297 0
0 25 345 334 203 325 17 230 145 312 497 369 178 90 393 480 46 451 56 255 358 284 156 116 83 306 282 425 0
0 362 422 165 210 317 495 448 194 342 18 398 419 283 252 127 22 231 37 158 94 76 138 384 486 0
0 329 235 79 164 387 101 52 73 421 346 109 287 278 147 183 117 437 442 148 29 400 481 202 248 19 311 0
0 485 20 496 105 217 471 371 409 337 303 126 191 279 324 177 270 42 143 240 72 444 199 228 377 0
