Objective value: 3233
Running time: 0.236911
Number customers: 200
Number vehicles: 50
Solution:
0 106 117 86 1 0
0 186 83 147 197 2 0
0 163 3 67 0
0 89 4 134 193 0
0 5 123 58 158 0
0 80 161 6 0
0 177 7 104 96 53 0
0 140 155 98 8 0
0 111 9 196 0
0 182 10 119 92 0
0 85 156 11 0
0 173 100 12 0
0 13 79 166 183 0
0 122 191 73 14 0
0 15 164 60 145 0
0 176 16 91 0
0 74 153 17 0
0 18 129 84 200 0
0 146 19 138 199 72 0
0 20 168 69 0
0 21 113 121 0
0 22 151 63 143 0
0 137 165 57 23 125 175 66 0
0 24 149 107 0
0 25 144 77 87 0
0 124 154 105 179 189 101 51 194 26 0
0 142 62 27 0
0 97 159 28 0
0 61 29 76 172 178 0
0 68 128 190 30 0
0 93 141 31 136 0
0 99 32 184 0
0 33 157 78 0
0 103 120 34 181 0
0 35 65 148 0
0 70 112 36 198 0
0 116 37 75 180 108 0
0 95 152 38 195 167 0
0 130 39 171 139 0
0 126 56 40 169 0
0 41 82 170 59 135 188 0
0 81 42 132 0
0 43 54 160 71 102 0
0 118 192 44 52 0
0 174 45 115 0
0 187 64 90 127 46 0
0 88 162 47 110 0
0 114 150 48 0
0 185 133 94 49 0
0 50 109 55 131 0
