Objective value: 6197
Running time: 2.088804
Number customers: 700
Number vehicles: 70
Solution:
0 296 538 198 631 411 1 0
0 228 511 635 295 350 2 124 620 464 0
0 598 370 401 564 3 307 182 689 537 423 195 0
0 156 221 676 139 509 385 587 309 4 0
0 399 5 417 653 286 391 161 342 305 475 571 526 0
0 614 180 362 93 632 654 581 694 6 281 472 0
0 434 562 292 7 424 630 175 104 0
0 588 8 132 314 460 224 481 498 109 443 75 0
0 456 409 578 9 677 650 206 103 235 356 0
0 329 10 539 610 348 400 181 293 0
0 84 11 232 346 436 685 288 563 192 0
0 12 531 372 185 277 643 625 573 474 0
0 559 300 323 13 191 549 452 669 158 633 0
0 134 365 14 597 626 493 267 97 250 469 347 697 0
0 243 687 111 15 298 554 615 582 470 427 0
0 647 419 317 238 138 551 453 16 0
0 284 457 337 602 17 164 528 116 154 0
0 502 233 18 440 91 623 140 605 358 0
0 601 194 384 557 339 478 545 262 667 19 0
0 510 353 422 20 230 520 114 656 591 0
0 666 98 21 209 72 466 264 584 127 431 330 369 144 280 274 0
0 552 193 71 521 575 242 508 22 343 648 445 404 0
0 320 624 406 152 494 23 256 95 263 0
0 168 421 336 102 252 553 675 78 24 700 0
0 25 501 636 432 197 316 444 398 0
0 265 327 173 674 26 661 455 569 117 471 130 0
0 186 618 532 260 27 87 269 334 430 506 0
0 176 476 28 603 304 142 413 0
0 141 627 368 354 29 246 278 692 572 454 0
0 30 646 137 331 463 570 226 310 0
0 155 638 203 462 271 529 31 393 412 604 0
0 586 199 655 380 219 479 32 497 340 522 101 0
0 33 187 285 599 128 458 480 416 371 0
0 375 34 600 257 202 112 483 170 617 0
0 322 395 517 35 637 119 577 150 251 0
0 36 373 360 189 490 660 143 275 530 645 0
0 80 378 351 207 482 574 37 672 289 0
0 283 447 613 396 239 38 118 683 535 81 73 0
0 39 190 621 107 503 299 450 374 99 641 523 0
0 40 516 386 306 622 664 169 499 0
0 596 115 394 693 513 287 171 387 359 41 652 524 259 0
0 74 547 258 282 153 217 673 407 42 425 0
0 312 495 536 629 43 477 435 211 136 403 0
0 465 297 213 247 590 389 688 44 122 0
0 145 361 649 496 270 341 165 525 45 699 121 0
0 533 558 172 691 231 208 608 324 446 46 0
0 196 92 543 448 146 210 665 47 321 0
0 48 205 179 595 546 491 82 379 657 461 108 254 684 276 0
0 364 388 291 518 489 212 500 88 49 642 534 177 123 0
0 381 248 159 468 148 83 486 565 678 542 50 0
0 473 580 241 492 690 174 644 51 349 397 0
0 515 52 200 662 383 567 355 302 229 0
0 442 555 420 53 611 593 133 303 214 357 628 0
0 135 319 607 126 410 249 367 698 507 54 0
0 272 439 487 162 90 313 55 695 612 0
0 56 504 606 204 392 94 345 308 0
0 227 540 328 57 113 566 157 188 668 426 0
0 160 619 163 58 216 110 541 639 318 377 405 0
0 311 301 59 428 220 100 681 167 568 0
0 418 149 484 261 441 76 576 60 326 0
0 592 253 671 437 686 325 85 218 505 61 0
0 184 236 402 594 62 459 244 79 290 0
0 125 333 659 201 609 550 429 234 225 86 294 63 0
0 268 680 223 105 640 451 519 96 332 64 0
0 178 89 579 589 65 338 120 438 561 222 0
0 106 245 670 583 488 215 131 679 382 66 560 0
0 129 467 335 67 390 376 512 585 315 658 237 0
0 68 449 651 696 183 616 366 414 279 240 147 266 352 544 0
0 527 69 415 363 255 663 151 556 433 0
0 70 408 485 634 682 273 166 344 514 548 77 0
