Objective value: 3251
Running time: 43.825478
Number customers: 200
Number vehicles: 50
Solution:
0 106 117 86 1 0
0 147 83 186 2 197 0
0 3 163 67 0
0 4 134 89 193 0
0 5 123 58 158 0
0 80 161 6 0
0 177 7 104 96 53 0
0 155 140 8 98 0
0 111 9 196 0
0 182 10 119 92 0
0 85 156 11 0
0 100 173 12 0
0 13 79 166 183 0
0 122 73 191 14 0
0 15 164 60 145 0
0 16 176 91 0
0 153 74 17 0
0 84 129 18 200 0
0 146 138 19 199 72 0
0 20 168 69 0
0 21 113 121 0
0 63 22 151 143 0
0 137 165 57 23 125 175 66 0
0 24 149 107 0
0 144 25 77 87 0
0 124 154 105 26 194 51 101 189 179 0
0 142 62 27 0
0 97 159 28 0
0 61 29 172 178 76 0
0 68 128 190 30 0
0 31 141 93 136 0
0 32 99 184 0
0 33 78 157 0
0 120 103 34 181 0
0 35 65 148 0
0 112 70 36 198 0
0 37 116 108 180 75 0
0 95 152 38 195 167 0
0 171 39 130 139 0
0 126 56 40 169 0
0 41 82 170 59 135 188 0
0 81 42 132 0
0 54 43 160 71 102 0
0 118 192 44 52 0
0 45 174 115 0
0 187 46 127 90 64 0
0 88 162 47 110 0
0 150 114 48 0
0 185 133 94 49 0
0 55 50 109 131 0