Objective value: 14360
Running time: 273.238930
Number customers: 500
Number vehicles: 20
Solution:
0 88 379 254 111 166 33 488 48 206 233 144 336 80 182 367 86 1 413 310 291 458 449 155 0
0 468 372 189 274 399 153 96 131 31 244 286 2 456 376 243 494 214 223 340 58 436 463 431 319 0
0 457 62 128 328 423 36 257 353 249 238 215 389 176 484 92 3 140 222 395 77 315 288 0
0 81 469 129 338 167 476 321 195 216 364 69 268 97 136 402 397 426 357 120 420 493 40 241 294 394 4 0
0 290 103 246 470 121 212 263 466 186 489 35 416 51 201 93 322 408 453 375 63 5 135 295 396 172 348 232 455 0
0 6 318 59 175 432 123 492 23 260 221 55 253 289 355 417 266 473 99 204 285 173 91 307 154 383 39 209 370 363 0
0 335 280 152 250 181 7 85 427 406 309 24 229 44 198 344 380 275 187 115 78 475 461 0
0 21 360 459 316 113 411 65 106 500 170 339 8 477 159 483 390 32 211 428 234 262 298 441 133 184 0
0 74 418 331 41 313 305 439 193 174 445 239 414 157 424 388 9 130 447 299 356 264 256 60 108 300 487 150 53 0
0 332 188 251 107 10 269 302 151 404 219 50 114 200 259 281 347 478 84 438 382 0
0 11 110 236 118 190 368 89 277 401 161 491 71 134 352 308 169 365 450 43 465 141 227 247 392 434 341 0
0 261 12 142 498 430 66 27 112 386 304 330 98 323 225 30 351 403 472 57 102 192 272 378 54 446 361 171 0
0 213 374 38 443 95 354 208 28 464 292 440 301 482 125 179 34 242 267 146 410 163 13 320 82 429 0
0 220 343 100 474 237 314 14 366 276 180 293 162 391 47 185 385 435 75 273 124 405 0
0 218 168 205 452 412 359 68 137 296 333 15 122 350 327 70 245 381 226 49 196 87 271 490 132 460 0
0 67 373 207 326 160 462 479 61 349 433 197 119 407 104 454 265 499 26 16 64 149 467 258 415 139 45 297 224 0
0 25 345 334 203 325 17 312 145 230 497 369 178 90 393 480 46 56 255 451 358 156 284 425 282 306 83 116 0
0 362 486 384 138 422 210 317 448 495 194 18 398 419 252 283 127 22 231 37 158 94 76 165 342 0
0 329 235 79 164 387 101 52 73 346 421 109 287 278 147 183 117 437 148 442 29 400 481 202 19 248 311 0
0 485 496 20 105 228 377 444 72 143 42 240 270 177 324 279 126 191 303 337 409 371 471 217 199 0