Objective value: 11806
Running time: 2.732533
Number customers: 1000
Number vehicles: 50
Solution:
0 259 927 800 64 851 342 634 867 116 838 427 597 1 512 165 222 736 710 993 685 245 0
0 188 356 395 458 385 582 542 272 336 798 954 892 2 598 943 714 632 113 221 809 0
0 71 382 257 645 354 551 717 3 393 471 868 154 817 185 987 961 575 0
0 569 742 487 945 848 593 4 316 422 888 386 83 249 805 160 686 0
0 594 755 170 141 5 951 832 78 224 117 792 932 510 744 310 668 454 335 887 364 903 0
0 169 994 879 6 906 332 612 850 720 406 813 101 260 680 745 789 553 82 325 489 501 0
0 883 557 321 683 167 7 105 462 521 801 305 907 713 407 973 211 637 772 0
0 122 716 980 552 54 639 782 360 958 189 275 704 8 834 827 910 751 468 398 0
0 248 283 875 783 837 983 718 947 166 498 627 110 526 9 460 957 397 564 353 0
0 760 586 738 481 350 337 10 646 697 624 328 396 204 780 618 843 254 991 531 909 112 0
0 11 178 447 913 86 684 925 214 274 692 855 610 989 522 779 366 0
0 628 470 12 776 270 81 445 904 362 831 176 979 849 916 608 681 694 566 127 0
0 472 130 638 996 220 765 351 258 830 111 13 929 676 408 558 580 731 588 709 0
0 435 352 14 662 367 80 491 571 125 191 856 836 327 758 938 238 749 0
0 355 79 563 981 414 861 323 898 617 940 788 739 244 190 126 493 15 651 331 0
0 944 297 878 833 443 822 242 626 952 721 495 361 767 865 135 911 156 225 72 573 16 0
0 187 334 948 85 693 620 319 476 538 897 791 743 241 995 17 881 392 151 591 0
0 914 806 18 607 341 520 456 161 226 278 540 873 97 690 766 421 992 0
0 59 976 482 494 605 138 152 347 525 555 802 707 423 810 946 311 615 233 104 19 504 210 893 0
0 264 732 89 302 853 939 371 194 599 288 609 803 901 139 281 463 428 661 484 518 561 20 0
0 828 306 88 449 677 746 922 346 120 787 394 587 964 672 223 21 604 535 290 179 696 0
0 174 91 315 596 818 477 378 22 733 488 977 231 158 622 514 896 667 0
0 884 293 271 23 523 205 461 474 439 480 956 737 601 333 87 658 794 99 405 155 513 0
0 985 918 603 506 933 636 375 24 629 784 142 282 317 322 418 823 163 68 663 404 726 148 236 0
0 649 181 448 572 955 986 829 543 343 631 134 263 864 25 963 778 730 53 380 0
0 524 614 962 234 942 183 824 869 759 26 516 368 719 252 312 219 300 687 75 374 330 90 452 0
0 928 665 466 984 475 757 857 77 27 585 429 688 814 266 144 358 239 556 0
0 28 417 486 403 674 880 934 560 769 285 133 320 650 567 701 196 298 581 863 433 370 218 121 0
0 584 517 267 198 900 727 890 756 465 284 98 164 623 363 74 294 699 29 51 819 858 389 217 825 921 0
0 949 826 228 990 84 606 773 648 30 503 902 670 804 357 410 695 324 132 437 103 212 511 58 0
0 492 797 247 459 974 768 891 118 467 232 988 31 583 146 431 344 747 109 682 546 0
0 345 790 735 32 845 644 168 528 600 912 184 500 426 192 143 56 253 304 62 73 706 0
0 505 446 123 997 230 656 578 76 705 975 381 871 734 807 953 562 193 519 886 286 243 441 33 0
0 200 816 314 34 592 678 240 770 150 100 917 998 63 854 413 499 279 0
0 862 106 679 529 589 741 175 595 434 65 299 781 388 229 923 841 340 237 970 35 424 0
0 387 899 202 209 576 153 483 842 590 965 660 671 313 36 67 764 261 0
0 273 37 774 502 920 844 216 966 95 390 318 675 171 432 621 715 235 533 0
0 182 444 919 94 509 38 329 808 399 763 411 60 812 195 536 698 625 136 287 905 0
0 479 666 847 206 415 197 633 577 308 430 359 39 107 246 753 384 457 936 570 611 0
0 268 215 436 752 655 795 40 119 724 895 365 613 860 530 937 296 129 0
0 874 69 93 497 425 379 180 777 490 664 442 349 691 930 250 41 725 579 0
0 549 372 642 92 496 700 811 619 256 978 935 762 796 450 866 276 173 199 42 872 0
0 673 203 292 157 70 280 799 383 227 43 400 473 213 616 630 972 369 870 262 539 894 711 0
0 568 451 771 124 821 478 416 643 657 201 534 420 301 44 885 326 55 289 550 689 708 926 0
0 412 402 959 702 128 882 303 574 544 654 748 208 455 115 820 464 982 45 515 846 537 0
0 653 941 108 295 207 559 729 453 137 840 750 377 532 602 876 960 46 0
0 915 177 469 852 309 61 793 712 269 775 338 409 950 548 438 924 114 761 641 967 131 508 740 839 47 0
0 391 931 785 547 669 968 96 277 48 265 440 147 1000 52 102 722 647 565 186 527 859 339 0
0 307 652 507 889 635 971 348 376 251 49 140 419 541 728 554 159 66 703 815 0
0 999 908 545 145 640 754 723 485 835 50 162 969 291 172 57 786 401 149 373 659 877 255 0
