Objective value: 8760
Running time: 1.558848
Number customers: 700
Number vehicles: 50
Solution:
0 369 583 454 622 131 508 616 201 111 284 1 634 0
0 104 282 394 356 146 654 552 202 482 443 2 0
0 170 330 105 416 642 670 258 624 535 447 3 680 0
0 149 568 679 378 285 223 473 323 496 4 613 71 155 124 370 0
0 650 486 585 214 388 193 354 100 639 274 5 434 219 685 514 0
0 240 6 64 267 377 584 457 688 52 343 134 220 529 472 0
0 125 147 431 279 469 353 525 652 222 60 107 7 227 601 0
0 58 108 551 159 464 467 319 8 690 239 366 426 266 586 0
0 544 114 663 212 127 628 593 289 9 272 367 196 523 448 405 0
0 558 425 175 10 636 406 133 332 689 255 139 498 119 0
0 449 298 11 93 206 340 548 348 287 461 691 619 524 436 184 0
0 117 599 428 302 12 357 210 312 276 623 500 0
0 526 91 106 300 602 169 230 566 452 674 13 362 0
0 591 534 246 618 455 75 342 520 408 177 135 324 14 57 375 254 603 655 0
0 371 137 77 326 505 15 629 542 463 293 226 444 596 0
0 627 559 245 485 646 217 53 16 325 129 693 364 67 397 0
0 62 224 610 528 329 700 380 389 263 667 495 458 17 144 154 0
0 253 466 208 506 423 116 612 638 18 334 516 475 163 0
0 290 626 574 109 361 398 250 54 682 605 451 87 173 518 19 0
0 620 20 331 563 89 668 421 183 292 501 203 0
0 488 333 79 21 411 384 191 632 213 270 115 556 0
0 171 696 661 247 112 385 483 22 561 318 493 0
0 647 269 492 567 23 161 338 249 118 376 439 0
0 24 489 313 251 666 204 658 672 337 414 562 73 141 0
0 474 72 280 25 138 497 592 410 160 215 336 580 422 641 532 0
0 66 424 350 182 665 148 577 478 502 26 261 0
0 341 27 533 126 407 372 190 578 527 277 56 479 595 644 0
0 575 547 420 511 660 143 28 346 273 207 70 90 695 0
0 656 438 594 94 231 283 29 697 168 507 316 386 257 643 0
0 570 393 345 30 510 156 85 587 308 445 490 262 676 228 576 0
0 415 98 69 252 365 400 640 86 31 374 540 192 460 294 0
0 296 317 128 232 678 150 113 503 32 194 433 541 264 102 373 597 185 0
0 103 33 244 582 174 669 349 281 429 417 519 698 442 687 200 121 0
0 314 181 189 358 554 81 615 409 590 335 145 34 233 450 123 530 0
0 234 142 51 419 35 657 555 589 96 339 306 625 517 476 0
0 399 99 662 536 178 446 553 265 569 320 427 288 604 36 0
0 683 199 271 522 307 176 37 598 65 557 395 441 344 462 84 481 0
0 291 152 645 579 76 186 437 494 209 633 68 322 328 38 359 235 0
0 630 440 560 248 39 275 74 110 303 162 387 531 565 0
0 40 621 659 63 564 221 504 352 396 120 278 459 158 404 0
0 218 260 327 309 401 229 122 573 513 608 41 418 588 699 151 0
0 363 412 543 402 132 205 390 538 197 256 694 465 607 42 55 311 675 0
0 539 571 130 211 491 295 166 509 649 43 468 351 225 673 499 95 684 382 0
0 600 44 435 686 136 236 413 512 321 347 456 82 179 0
0 216 484 572 581 487 241 172 391 59 315 97 648 45 0
0 46 477 188 631 379 101 157 521 546 301 692 392 430 242 0
0 47 637 453 259 304 83 92 368 609 153 614 299 167 653 515 195 671 0
0 635 651 383 88 48 238 268 360 471 310 550 297 180 0
0 165 470 355 681 187 49 61 243 403 80 432 545 617 286 0
0 611 198 606 237 480 78 305 50 537 381 549 677 164 140 664 0
