Objective value: 6735
Running time: 3.049090
Number customers: 1000
Number vehicles: 100
Solution:
0 977 259 861 545 117 336 1 395 706 0
0 798 536 949 174 2 350 834 308 517 682 472 0
0 810 992 448 3 381 634 195 722 114 542 0
0 684 4 822 183 445 616 903 420 275 0
0 835 519 5 776 850 905 257 188 649 607 399 939 0
0 623 911 782 492 410 243 6 0
0 382 7 332 753 146 594 927 539 487 953 220 0
0 360 156 808 891 185 508 247 8 538 122 631 269 0
0 436 9 273 685 615 385 962 169 812 0
0 565 757 215 603 10 657 388 892 242 872 0
0 647 583 434 934 11 865 245 353 694 0
0 864 700 486 343 577 733 772 196 12 0
0 318 675 352 234 556 979 423 173 13 747 804 0
0 897 480 134 784 669 306 14 498 533 162 0
0 182 932 639 129 340 15 693 452 568 773 0
0 226 16 516 260 405 665 926 785 0
0 774 268 915 458 829 17 416 109 940 349 854 643 0
0 313 297 674 18 762 178 351 235 946 521 0
0 868 451 598 145 805 510 309 299 553 755 19 0
0 740 20 193 460 670 963 285 551 887 569 0
0 110 265 866 21 617 526 998 345 687 0
0 128 214 392 983 642 475 524 22 768 823 0
0 23 312 482 377 432 791 664 960 153 779 0
0 571 800 688 24 843 600 136 499 355 229 190 0
0 227 795 456 996 25 522 106 133 341 328 641 502 0
0 579 251 453 794 149 26 283 914 856 604 172 730 0
0 258 746 978 27 836 602 476 379 365 157 930 957 0
0 637 470 446 997 793 140 111 28 304 490 803 391 378 0
0 130 440 701 501 271 449 29 191 846 581 0
0 165 411 547 280 718 787 920 30 588 658 0
0 993 322 31 589 431 155 902 760 862 0
0 32 221 721 870 489 393 633 852 611 0
0 554 326 972 231 663 33 428 814 0
0 447 248 34 666 599 884 819 697 142 159 357 0
0 858 913 691 534 175 35 610 286 985 394 0
0 980 327 481 847 656 860 171 761 36 300 469 0
0 37 425 874 527 305 282 398 184 690 0
0 253 609 555 38 851 725 956 528 442 212 0
0 373 403 797 635 981 413 961 584 39 186 0
0 899 40 738 430 677 256 587 104 0
0 578 390 138 467 976 41 263 679 853 0
0 42 549 591 769 151 288 429 455 749 660 719 105 951 0
0 421 606 254 141 439 699 289 43 816 0
0 723 906 975 626 417 238 44 575 614 0
0 187 954 801 875 346 552 409 45 329 659 287 0
0 46 877 158 369 219 692 544 230 301 107 612 0
0 47 152 715 563 621 339 590 880 820 389 0
0 988 240 495 618 48 896 758 324 0
0 290 49 895 651 331 463 923 935 181 619 824 0
0 160 396 50 204 681 566 1000 844 342 0
0 807 629 766 199 849 986 51 358 465 0
0 441 712 319 52 574 270 759 284 924 205 0
0 918 177 444 751 307 53 876 627 0
0 613 366 443 922 264 228 778 54 0
0 135 338 426 792 210 984 705 537 55 0
0 310 907 655 748 941 580 262 233 207 56 457 0
0 101 57 928 636 194 890 347 813 515 0
0 711 201 833 734 124 917 367 58 541 811 424 139 0
0 783 321 59 894 491 505 689 147 625 0
0 208 60 567 696 281 454 889 837 0
0 404 61 237 948 561 827 716 764 0
0 127 717 62 974 780 400 550 407 945 239 0
0 661 838 724 461 202 496 402 267 770 63 971 0
0 64 857 163 131 881 314 435 942 919 737 573 0
0 334 170 189 65 929 507 959 832 726 585 479 344 0
0 525 620 473 296 950 66 132 729 368 796 742 0
0 840 912 955 970 560 236 406 680 67 119 0
0 161 115 745 650 68 509 311 968 821 500 108 274 464 0
0 323 597 69 112 361 422 164 936 750 965 0
0 973 370 143 70 952 806 713 788 990 232 468 593 0
0 209 654 839 771 325 71 592 462 605 848 477 632 720 0
0 702 879 72 276 433 789 622 493 167 0
0 176 401 982 279 739 559 73 904 582 0
0 74 646 255 628 494 910 249 348 744 817 0
0 668 543 418 315 179 831 938 75 166 0
0 943 272 125 485 375 294 76 630 777 197 0
0 842 676 893 752 414 372 964 882 198 77 531 126 596 0
0 921 103 252 994 710 886 532 78 408 0
0 120 671 387 937 213 223 79 830 514 572 292 845 0
0 595 412 474 148 80 672 302 958 933 767 0
0 728 558 150 438 825 277 102 81 869 0
0 901 397 504 320 562 291 137 873 695 82 0
0 995 317 815 386 640 83 683 506 144 0
0 84 743 931 211 298 570 437 727 123 0
0 809 224 686 376 518 989 85 0
0 781 802 826 548 419 192 86 244 624 0
0 698 384 246 871 530 885 87 648 295 0
0 638 380 828 241 662 88 511 0
0 944 557 266 154 478 735 89 330 987 303 898 786 0
0 225 520 121 741 991 90 364 704 855 731 0
0 645 91 354 503 859 608 765 966 203 0
0 708 362 415 218 529 601 92 466 863 900 0
0 459 337 967 790 540 513 222 93 644 703 0
0 427 653 94 714 908 999 867 359 586 523 168 763 707 0
0 363 546 217 113 564 118 678 732 95 383 878 0
0 216 371 497 709 96 883 916 535 0
0 484 180 841 775 97 756 673 293 374 0
0 947 483 335 98 471 818 316 200 667 278 0
0 925 488 261 99 206 888 512 356 652 736 0
0 333 250 100 576 754 969 116 909 450 799 0
