Objective value: 6375
Running time: 272.322169
Number customers: 500
Number vehicles: 50
Solution:
0 85 335 280 1 73 235 400 446 177 0
0 116 421 82 91 206 341 369 2 305 479 0
0 3 346 207 419 122 308 455 0
0 209 363 279 134 459 492 4 415 268 0
0 75 390 146 53 491 167 5 57 309 350 442 231 0
0 422 6 214 163 56 298 456 450 150 356 440 0
0 432 7 93 327 412 169 473 254 141 452 0
0 304 317 55 428 352 8 482 105 201 155 0
0 171 242 500 110 9 405 344 0
0 10 497 368 239 474 258 151 203 284 391 112 137 0
0 416 168 109 293 320 244 76 365 11 462 0
0 340 270 117 417 12 224 499 194 0
0 286 161 13 342 375 64 226 156 437 411 488 0
0 95 174 14 425 236 379 322 0
0 152 448 92 325 469 210 436 15 240 498 372 427 0
0 245 135 160 283 16 407 204 63 311 172 324 0
0 17 83 138 396 276 195 255 312 461 65 219 0
0 143 18 326 463 252 233 263 354 399 0
0 227 86 247 493 397 100 414 60 19 294 339 147 74 0
0 229 466 104 378 20 306 78 220 189 69 278 0
0 475 107 408 423 180 21 329 101 272 264 0
0 243 296 132 22 383 190 458 289 197 0
0 23 330 321 144 345 250 68 371 314 409 153 166 338 0
0 51 302 430 24 386 494 186 103 222 292 0
0 196 218 115 265 25 489 467 67 315 381 139 0
0 259 26 158 433 332 361 96 175 0
0 343 260 162 72 90 424 27 199 0
0 323 28 295 288 403 447 121 94 228 496 102 193 0
0 358 223 165 87 290 118 54 29 444 0
0 187 316 351 426 457 131 271 336 30 366 297 0
0 392 287 443 71 374 31 88 145 460 212 337 237 0
0 347 398 211 32 62 221 133 441 465 307 0
0 149 485 123 334 179 97 225 241 33 418 380 0
0 328 273 127 384 464 182 148 34 99 0
0 395 404 178 477 251 98 348 35 0
0 36 191 238 248 331 413 130 490 0
0 181 37 198 108 389 453 301 333 0
0 136 38 476 79 393 367 277 185 176 0
0 291 39 253 266 364 470 410 170 80 89 431 0
0 120 188 230 353 111 376 267 257 40 449 319 468 480 140 0
0 41 481 387 84 299 401 184 429 355 126 269 0
0 61 216 159 42 261 106 282 388 451 81 495 125 360 0
0 281 119 445 359 52 232 435 43 164 0
0 472 114 173 420 357 274 234 44 208 0
0 129 213 484 394 142 310 45 0
0 439 370 285 487 217 46 58 128 256 0
0 47 385 471 200 59 349 154 303 434 183 406 0
0 300 77 483 382 48 215 438 275 157 246 0
0 202 362 124 318 49 249 66 454 0
0 373 262 50 313 113 402 478 205 377 486 192 70 0