Objective value: 6307
Running time: 1.675373
Number customers: 700
Number vehicles: 70
Solution:
0 296 538 198 631 411 1 0
0 228 511 635 295 350 2 124 620 464 0
0 598 370 401 3 564 195 423 537 182 689 307 0
0 587 385 509 139 676 156 221 4 309 0
0 399 5 417 653 286 391 161 342 305 475 571 526 0
0 614 180 362 93 632 654 694 581 6 472 281 0
0 434 562 292 7 424 630 104 175 0
0 588 8 132 75 498 481 224 460 314 443 109 0
0 456 409 578 9 677 650 206 103 356 235 0
0 400 348 610 539 10 329 181 293 0
0 84 11 346 436 232 685 288 563 192 0
0 12 277 185 372 531 643 625 573 474 0
0 559 13 323 300 191 549 452 669 633 158 0
0 134 14 597 626 493 267 97 250 469 347 697 365 0
0 243 15 111 687 470 615 582 554 298 427 0
0 647 419 317 238 138 551 453 16 0
0 284 457 154 116 528 164 17 602 337 0
0 502 233 18 605 358 140 440 91 623 0
0 601 262 545 478 339 557 384 194 19 667 0
0 510 353 591 656 114 520 230 20 422 0
0 666 98 274 144 369 330 431 127 584 264 466 72 209 21 280 0
0 552 193 71 521 575 242 508 22 343 648 445 404 0
0 320 263 95 256 23 494 152 406 624 0
0 421 168 336 102 252 553 675 78 24 700 0
0 25 501 636 432 197 316 444 398 0
0 265 327 173 674 661 26 455 569 471 117 130 0
0 186 506 430 334 269 87 27 260 532 618 0
0 176 28 476 603 142 304 413 0
0 141 454 627 572 692 278 246 29 354 368 0
0 646 310 226 463 331 137 30 570 0
0 155 203 638 462 529 271 31 393 412 604 0
0 586 655 199 380 219 479 32 497 340 522 101 0
0 33 371 416 480 458 128 599 285 187 0
0 375 34 202 112 483 170 617 600 257 0
0 150 637 119 577 35 395 517 322 251 0
0 36 189 360 373 645 275 143 660 490 530 0
0 80 289 672 37 574 482 207 378 351 0
0 283 73 81 447 613 396 239 38 118 683 535 0
0 99 374 450 299 503 621 107 190 39 641 523 0
0 40 516 386 306 622 664 169 499 0
0 596 259 524 652 359 41 115 394 693 513 287 171 387 0
0 74 547 258 282 153 217 673 407 42 425 0
0 312 536 495 403 136 211 435 477 43 629 0
0 465 297 213 247 590 389 688 122 44 0
0 145 121 699 45 525 165 341 270 496 649 361 0
0 558 46 324 446 208 608 231 691 172 533 0
0 196 92 543 448 146 210 665 47 321 0
0 276 108 254 461 657 379 82 491 546 595 48 205 179 684 0
0 364 388 291 123 177 534 642 49 88 500 212 489 518 0
0 381 50 542 565 678 486 148 468 83 159 248 0
0 473 580 690 174 644 349 51 397 492 241 0
0 515 200 52 662 383 567 355 229 302 0
0 420 555 442 628 357 214 303 133 593 611 53 0
0 135 319 607 126 410 249 367 698 507 54 0
0 272 439 487 162 90 313 55 695 612 0
0 56 504 606 204 94 392 345 308 0
0 227 540 426 157 188 668 566 57 113 328 0
0 160 619 163 639 318 541 110 216 58 377 405 0
0 311 301 428 220 681 100 167 568 59 0
0 418 149 484 261 441 76 576 60 326 0
0 592 61 253 437 671 686 325 85 218 505 0
0 402 236 184 62 459 594 244 290 79 0
0 125 333 659 201 609 550 429 234 225 86 63 294 0
0 268 680 223 105 640 451 64 96 332 519 0
0 178 579 589 65 338 222 120 561 438 89 0
0 106 245 560 66 131 679 382 215 488 583 670 0
0 129 335 67 390 376 512 315 585 658 237 467 0
0 68 449 651 696 183 616 366 414 279 240 147 266 352 544 0
0 433 556 415 363 69 527 151 663 255 0
0 70 408 485 634 682 273 166 344 514 77 548 0
