Objective value: 6349
Running time: 44.189112
Number customers: 200
Number vehicles: 20
Solution:
0 1 95 64 138 44 83 191 79 99 157 0
0 59 187 37 26 98 143 2 118 151 76 0
0 123 3 112 45 152 179 82 30 100 0
0 4 89 129 149 117 139 174 182 42 62 160 194 0
0 171 72 24 165 38 101 52 5 67 200 153 110 145 0
0 73 131 6 177 146 36 96 0
0 115 71 46 7 180 163 56 130 0
0 199 144 8 25 142 159 168 75 39 105 195 0
0 9 167 53 198 22 108 27 128 80 0
0 34 88 107 147 66 10 120 185 150 0
0 104 92 21 175 158 57 29 136 41 85 11 0
0 127 186 137 155 70 12 121 65 28 97 0
0 74 134 111 172 189 178 13 93 33 140 60 122 0
0 40 94 14 31 161 192 87 69 119 181 35 126 0
0 90 164 102 196 47 15 61 133 0
0 184 81 113 16 58 148 32 173 154 170 0
0 77 116 17 183 48 103 141 190 166 0
0 176 54 135 49 169 109 125 84 18 0
0 43 124 63 19 55 188 68 50 197 86 162 0
0 193 156 20 91 114 106 23 51 132 78 0