Objective: 7608
Running time : 485.46728253364563
Solution:
436 102 317 617 409 334 439 231 544
500 524 232 157 109 358 393 397 65 252 149 128 56
179 143 468 539 292 306 113 94 322 470 106
407 541 91 309 448 569 410 170
43 680 651 459 630 9 599 635 333 694
606 405 505 428 58 5 60 318 460 449
684 400 76 61 584 40 548 359 625 528
222 168 72 127 183 571 681 197 225 209 612 517
11 514 96 156 214 641 381 176 692
88 673 632 145 187 579 297 257 291 268 444
112 100 290 98 564 372 300 329 647 37 84 116 423
48 33 285 357 242 658 255
408 674 348 465 44 119 110 488 336
366 218 34 216 431 638 587 495
623 605 55 634 458 41 208 678 496 283
536 332 367 425 507 624 90 172
69 568 22 307 77 341 385 645 281 582 298
353 362 437 570 430 104 312 245 621
402 346 665 284 148 80 50 129
120 272 338 510 533 577 602 453 469 335 390
288 551 620 180 239 540 438 552 251 249
657 53 99 497 202 461 484 689 633 595 388 420
563 650 66 167 200 339 355 186 181 286 316 531 394
57 670 688 263 293 360 70 229 518 294 572
30 178 376 375 380 237 648 134 147 653 628
234 557 117 59 384 501 279 107
411 105 640 349 217 264 227 230 553 364
588 652 311 165 608 479 3 664 121 622
136 92 585 416 493 74 683
85 532 144 549 636 503 432 697 690 140 429 205
382 213 63 519 686 576 340 361 250
265 659 542 676 122 188 350 198 330 603
207 82 498 95 396 467 166 363 419 426 475 352 20 450
161 506 668 480 328 301 378 478 173
310 108 565 477 629 611 308 476
62 193 427 196 695 71 373 51
24 637 114 115 502 215 619 97 559 277 47 604 236
583 52 471 295 370 152 435 499 682 258
525 21 321 18 356 547 192 529 182 151 699 133
125 199 422 406 221 174 365 489 10
417 700 575 666 451 562 93
131 511 150 175 387 508 243 235 344
177 457 600 586 567 371 240 139 550 607 343 433
434 441 472 598 521 560 1 597
386 443 424 36 7 26 537 248 42 591 103
483 615 463 345 146 32 154 276 219 554 101
660 325 68 515 314 256 644 253 596
224 275 520 138
190 273 462 23 203 262 590 35
171 135 194 123 233 687 299 287 210
368 639 64 204 246 211 545 87 626 642 492
315 391 369 613 244 512 646 327 454 377 609 685
675 4 326 126 614 159 270 302 319 487
398 392 662 158 573 530 601 132 649 247 162
19 490 594 389 415 593 2 491
581 395 354 13 574 509 164 266 226 28 86
155 616 580 578 543 73 303 206 654 323 631
137 589 456 627 282 399 486 223 31 383 401 561
271 566 163 296 466 189 81 228 661 679
413 347 494 522 671 16 447 17 274 124 656 379
555 667 527 278 374 546 15 304 45 696 75 655
485 403 693 313 412 201 538 195 455 464 672 337
331 592 29 534 677 473 523 643 342
46 351 260 160 663 481 404
191 504 516 49 526 414 305 14 169 698
153 12 38 184 220 446 558 556 535 421 324
259 8 25 78 261 27 418 269 474 142 185 141
618 280 610 67 440 320 83
39 6 130 111 89 238 452 442 267 212
241 79 482 513 691 54 254 669 118 445 289
