Objective: 7553
Running time : 355.8249316215515
Solution:
0 23 256 75 65 57 405 251 361 324 253 28 0
0 273 183 491 35 500 54 379 195 372 0
0 325 18 212 64 368 396 209 323 53 0
0 82 179 217 4 223 276 436 39 415 105 0
0 46 16 308 331 480 158 87 0
0 392 224 219 496 363 83 49 297 175 497 77 38 0
0 36 70 328 373 492 358 136 248 0
0 466 137 119 350 447 306 134 142 0
0 15 143 304 170 62 326 95 294 0
0 404 302 322 112 420 423 427 474 178 246 0
0 151 291 148 476 145 21 135 31 490 384 0
0 330 387 489 216 341 12 48 109 99 486 275 413 0
0 301 418 3 446 255 298 344 194 315 0
0 268 115 113 208 59 14 319 377 52 478 406 188 225 0
0 138 479 74 132 282 0
0 382 278 198 56 477 0
0 343 267 73 397 388 157 202 271 160 168 235 0
0 482 206 264 428 416 11 395 260 163 146 0
0 5 213 173 333 130 440 410 2 89 197 171 181 193 0
0 190 335 43 185 419 300 85 277 47 0
0 123 494 37 495 280 295 468 125 439 128 354 0
0 221 227 1 463 445 32 450 92 107 22 104 452 0
0 152 455 166 285 393 84 390 13 303 0
0 172 220 309 100 215 345 247 243 58 443 0
0 464 237 234 66 312 493 398 0
0 355 391 162 127 451 316 139 383 412 210 444 0
0 90 108 386 462 101 10 364 44 417 129 0
0 17 483 111 289 79 116 349 346 241 460 61 0
0 347 20 184 266 407 155 352 311 0
0 263 356 254 424 296 334 342 110 233 0
0 286 50 314 189 376 186 318 6 192 147 0
0 68 165 288 348 385 196 232 176 262 272 425 0
0 154 240 394 305 7 380 93 207 242 337 441 0
0 180 365 187 114 24 403 122 470 317 431 0
0 389 360 214 292 63 140 284 200 467 430 321 0
0 27 126 411 438 118 133 45 150 339 0
0 218 310 211 270 371 55 159 96 261 0
0 106 226 76 378 121 488 469 448 367 0
0 33 357 307 290 374 481 103 458 229 30 485 0
0 19 29 201 456 472 399 40 408 359 78 293 449 0
0 320 98 141 94 442 453 167 287 269 422 156 0
0 42 258 169 26 313 257 498 81 401 409 230 0
0 177 149 265 97 9 244 433 259 161 8 0
0 69 465 250 25 369 236 499 426 182 0
0 327 457 231 432 332 245 238 153 239 281 71 329 67 0
0 252 72 164 88 353 102 120 454 366 283 124 471 0
0 434 51 370 174 117 131 351 375 340 459 0
0 299 199 60 249 484 461 80 91 144 222 274 0
0 362 421 437 338 429 41 86 191 203 205 414 475 0
0 228 402 279 473 400 381 34 435 487 336 204 0
