Objective: 8198
Running time : 689.9384438991547
Solution:
0 641 214 328 384 302 550 832 556 815 962 0
0 558 613 589 669 724 616 543 0
0 115 183 817 948 30 323 327 292 113 993 0
0 524 67 714 566 777 253 90 20 131 234 279 627 0
0 359 197 488 334 792 927 692 409 140 25 725 147 0
0 288 130 263 205 967 367 484 806 0
0 559 990 532 434 713 120 184 42 178 0
0 569 313 574 576 192 312 344 29 752 435 468 329 0
0 814 906 823 954 941 961 261 69 648 636 0
0 709 374 983 160 13 931 942 291 970 39 971 0
0 305 250 514 935 471 34 422 785 1000 419 661 0
0 235 74 819 774 352 107 943 652 304 161 852 450 0
0 917 456 14 516 364 453 869 520 0
0 398 951 223 934 70 8 91 229 0
0 595 834 751 149 170 643 413 227 397 0
0 867 438 737 366 608 196 782 372 342 850 0
0 322 787 380 379 744 929 615 306 246 639 206 421 412 371 0
0 729 891 389 712 723 68 446 136 405 853 0
0 956 95 382 955 960 784 683 632 355 142 135 203 0
0 338 767 826 761 410 513 812 545 512 277 599 0
0 258 843 973 722 145 904 528 241 508 958 0
0 898 92 689 204 180 940 428 810 11 0
0 715 483 169 541 505 143 936 697 776 487 0
0 165 915 391 80 988 226 308 354 36 799 654 0
0 100 793 594 847 677 150 171 97 200 400 232 0
0 220 358 580 38 986 0
0 320 780 155 105 587 672 756 786 573 109 0
0 924 859 9 462 466 678 445 775 348 0
0 994 432 969 365 598 743 870 741 290 0
0 779 193 166 638 252 571 314 10 256 377 966 18 0
0 85 40 268 158 114 791 949 295 829 221 4 0
0 581 899 401 707 266 655 537 144 162 0
0 417 242 496 141 597 735 222 600 803 0
0 478 705 31 527 614 857 748 617 620 645 813 0
0 772 668 188 798 230 89 257 548 851 281 0
0 259 882 255 831 699 656 974 26 137 711 746 880 0
0 750 517 660 802 821 944 444 930 470 560 454 436 578 0
0 139 283 185 909 415 175 248 808 7 23 531 406 657 0
0 910 17 262 388 485 902 473 693 167 58 0
0 781 854 555 633 979 685 596 84 330 99 156 0
0 920 667 356 800 876 376 720 486 937 339 22 112 0
0 562 298 345 757 710 12 770 863 0
0 889 883 27 663 933 536 1 287 289 848 0
0 458 360 795 612 691 816 392 402 0
0 54 759 881 236 939 117 842 0
0 44 467 953 215 340 700 822 349 533 311 82 0
0 190 189 443 81 476 582 77 494 680 0
0 146 908 472 997 116 301 0
0 771 110 251 796 411 626 407 37 324 738 129 0
0 583 297 132 357 111 464 186 682 179 216 0
0 855 913 310 430 393 375 797 125 0
0 63 629 865 790 696 94 539 893 0
0 783 118 659 856 187 640 0
0 293 504 254 698 963 999 45 981 50 431 16 0
0 202 721 631 350 492 346 59 491 0
0 51 347 264 285 317 804 552 818 0
0 127 66 103 48 987 133 534 918 0
0 989 592 424 706 623 625 866 670 839 519 387 0
0 521 245 126 914 238 21 788 727 425 0
0 76 695 985 335 549 701 280 231 836 361 0
0 890 996 637 768 475 500 6 758 561 676 378 742 905 0
0 523 679 919 303 862 544 489 53 208 975 945 510 0
0 195 688 926 873 182 273 83 386 764 98 0
0 493 56 88 911 522 807 49 964 75 0
0 474 526 465 244 201 726 341 634 168 619 0
0 579 457 101 353 635 830 563 947 481 0
0 965 861 351 282 217 518 666 991 921 0
0 671 414 546 73 177 119 984 684 628 33 41 538 0
0 844 618 586 585 763 907 925 995 932 828 0
0 837 686 604 922 535 270 106 846 0
0 309 753 442 860 271 61 766 972 62 502 662 0
0 286 239 233 482 879 606 326 332 461 658 0
0 509 515 868 644 35 749 630 871 769 426 225 554 0
0 501 747 219 825 5 43 665 718 71 395 946 0
0 495 901 333 755 65 575 429 674 745 325 337 0
0 15 199 362 260 845 213 611 603 399 134 0
0 982 124 653 240 733 404 449 420 977 506 102 0
0 194 108 319 557 900 469 451 875 736 0
0 321 276 621 121 64 809 716 278 584 503 992 588 0
0 477 138 511 403 703 564 418 646 820 773 675 731 0
0 151 622 316 717 690 687 318 370 840 159 895 864 0
0 408 950 649 605 52 153 702 0
0 455 163 385 838 128 212 650 567 912 0
0 307 530 394 547 928 439 294 884 897 507 0
0 694 894 284 794 46 433 708 0
0 980 499 835 3 249 224 568 874 591 529 104 754 368 0
0 198 624 938 209 572 551 577 952 174 739 0
0 877 79 805 383 719 888 590 460 459 237 315 0
0 275 176 19 664 647 267 93 601 148 437 57 607 0
0 210 553 87 602 998 123 296 0
0 872 593 164 300 381 490 173 878 157 0
0 732 841 191 923 60 728 207 762 730 903 681 0
0 858 272 570 336 427 373 959 642 28 778 978 47 0
0 172 447 651 609 896 740 957 452 565 704 416 269 181 0
0 441 886 497 24 440 525 827 540 801 463 0
0 72 211 498 824 542 968 479 811 218 96 480 228 331 0
0 885 765 849 760 833 789 32 86 247 243 976 0
0 396 390 274 55 887 78 892 343 0
0 734 2 916 363 152 448 154 122 0
0 610 369 423 673 265 299 0
