Objective: 10372
Running time : 435.7852613925934
Solution:
0 36 390 290 684 13 95 477 431 162 2 566 386 0
0 109 599 649 574 403 281 532 126 689 291 595 132 7 529 460 318 0
0 413 259 693 373 572 507 9 308 502 681 376 269 258 479 524 0
0 567 339 543 633 531 528 77 147 554 389 604 360 309 611 66 0
0 285 527 417 239 149 629 209 5 119 489 420 414 64 171 545 588 0
0 232 612 304 29 368 432 104 607 511 506 578 542 1 423 203 0
0 23 366 38 247 632 640 698 396 241 652 435 99 421 0
0 164 586 97 240 274 146 416 483 130 93 631 199 24 169 0
0 582 695 419 665 485 522 697 400 664 267 74 608 464 79 200 642 0
0 382 533 322 167 57 113 92 577 407 98 233 575 341 662 609 0
0 272 514 227 296 510 276 251 508 581 211 571 83 660 624 121 469 377 0
0 425 129 323 668 466 193 468 456 584 618 175 550 347 573 443 71 0
0 561 686 61 221 238 387 635 602 446 108 222 585 117 433 0
0 315 646 231 651 70 655 218 151 184 418 292 49 34 497 346 0
0 440 458 656 223 501 473 56 394 243 80 583 412 0
0 257 344 672 86 112 26 587 55 488 327 521 271 596 268 300 0
0 405 519 358 282 107 39 187 246 639 76 523 325 22 487 152 439 0
0 305 194 465 115 605 370 208 265 65 50 437 457 455 491 154 330 0
0 372 81 513 517 324 589 397 490 336 475 155 0
0 159 570 123 634 191 614 297 219 552 700 260 592 142 190 45 0
0 207 653 591 385 613 395 467 674 0
0 699 388 436 621 11 580 474 62 40 103 216 201 248 128 535 515 683 0
0 212 354 541 125 516 138 356 690 369 225 120 393 293 650 0
0 495 15 46 557 549 670 619 494 666 157 43 538 371 286 0
0 498 166 593 253 559 20 530 579 182 343 30 192 249 406 558 0
0 134 378 391 186 685 133 338 181 606 60 365 657 337 220 180 476 0
0 643 625 448 96 534 471 620 312 526 185 564 478 661 32 411 148 294 0
0 374 179 67 213 91 540 499 88 669 451 317 41 310 122 284 673 0
0 415 351 482 472 637 143 127 492 75 42 12 165 150 0
0 430 335 254 677 137 295 198 6 381 101 438 48 0
0 626 404 278 544 600 453 429 236 217 263 168 242 87 450 0
0 178 461 280 234 627 680 601 462 174 384 320 28 63 3 679 0
0 176 270 33 408 399 14 37 111 616 279 158 141 319 0
0 256 598 58 188 553 452 53 196 261 569 383 647 493 0
0 603 195 454 114 116 262 245 509 645 350 0
0 250 520 355 85 424 144 638 183 314 658 694 641 361 54 244 237 0
0 205 299 537 623 597 644 332 409 352 0
0 16 118 27 31 204 348 410 51 140 345 35 202 0
0 359 518 434 303 18 696 470 659 622 145 428 19 226 228 555 0
0 486 610 298 398 264 224 334 333 161 301 230 4 197 0
0 568 89 525 163 44 331 173 379 214 628 326 21 0
0 307 648 313 375 124 617 8 422 560 484 512 311 480 594 0
0 52 349 229 496 546 275 100 636 135 102 156 69 73 654 0
0 153 68 449 170 255 273 306 266 340 442 10 215 139 0
0 362 72 82 252 459 342 172 131 136 316 565 678 0
0 548 363 441 444 481 289 590 392 206 692 177 556 235 0
0 380 615 357 563 321 688 110 210 90 160 426 401 667 0
0 353 551 547 562 277 288 25 675 78 329 691 682 17 663 447 0
0 463 445 500 364 630 287 302 504 402 687 105 503 0
0 189 59 539 283 505 671 676 106 47 84 94 367 576 427 328 536 0
