Objective: 6913
Running time : 159.84570598602295
Solution:
0 10 155 98 173 43 89 19 121 136 179 0
0 25 41 187 99 82 154 137 65 23 0
0 51 28 142 48 31 101 70 77 192 106 194 0
0 47 18 32 1 35 118 114 134 3 149 16 0
0 184 119 177 131 160 78 143 91 0
0 105 92 59 107 52 153 14 94 85 161 0
0 56 38 97 36 73 103 198 76 5 0
0 75 126 57 140 157 7 74 0
0 17 13 135 111 165 197 147 164 96 0
0 68 66 123 151 58 141 69 124 0
0 139 60 15 80 71 125 40 34 104 0
0 24 30 86 148 150 93 37 42 132 11 159 81 0
0 193 22 152 50 138 196 87 95 27 112 0
0 172 166 178 120 183 175 185 109 33 55 49 145 0
0 26 129 122 182 174 162 39 115 113 88 146 0
0 84 167 83 188 100 79 158 29 102 190 62 0
0 168 20 63 133 127 191 176 156 116 53 0
0 189 4 45 9 90 200 67 8 170 144 128 0
0 163 171 130 195 64 181 72 108 6 186 0
0 21 2 61 199 44 169 54 110 180 12 46 117 0
