Objective: 16616
Running time : 276.6334171295166
Solution:
0 71 289 330 240 213 400 233 105 111 267 300 360 55 310 406 479 437 356 85 281 429 38 445 146 456 0
0 152 45 188 102 324 351 252 316 451 489 341 377 172 309 203 336 484 334 495 391 92 3 361 408 224 431 378 0
0 457 288 173 282 491 137 88 119 89 207 32 28 258 48 184 411 190 245 314 397 205 473 212 338 62 90 211 0
0 196 195 221 442 387 121 448 67 293 161 135 474 395 70 435 304 6 198 16 296 335 367 0
0 460 278 337 441 13 239 243 164 174 317 41 493 91 375 263 4 269 236 199 297 318 153 333 192 0
0 162 268 253 54 17 73 496 115 413 138 308 323 42 66 169 142 257 428 226 363 64 254 284 285 0
0 329 419 452 114 301 193 107 24 490 271 446 415 298 68 215 340 459 181 43 202 0
0 404 186 58 287 72 472 97 56 2 348 155 128 347 234 39 311 176 342 44 384 385 0
0 175 256 209 420 328 217 27 201 398 469 321 468 232 23 299 8 371 476 272 112 189 235 453 147 179 227 11 295 103 214 434 0
0 492 12 319 228 33 261 210 275 362 22 182 185 51 148 276 231 332 450 86 145 52 370 483 129 294 166 339 110 126 0
0 47 141 29 183 108 364 436 260 277 165 14 343 140 116 407 422 26 488 463 416 133 247 0
0 423 249 200 498 345 206 36 139 357 494 467 266 113 366 485 274 346 154 292 7 127 136 430 87 94 104 425 100 177 0
0 280 75 344 242 34 439 180 462 455 79 101 106 168 369 250 76 81 499 320 132 349 61 432 248 374 194 31 0
0 306 144 303 305 440 130 15 401 355 120 273 464 405 418 478 331 424 118 382 216 159 353 376 390 0
0 220 30 480 302 265 487 208 283 414 471 225 222 19 50 244 380 84 286 354 264 497 204 117 0
0 326 93 134 98 122 156 368 359 197 77 82 381 433 46 259 37 322 131 158 57 477 270 160 167 290 412 0
0 149 449 402 223 358 373 123 481 237 65 96 372 410 60 327 18 1 59 386 125 124 389 191 388 157 403 500 0
0 313 443 255 170 229 143 461 393 307 312 74 279 246 470 427 444 21 447 438 475 0
0 5 10 171 350 482 69 392 396 394 25 219 80 78 365 262 409 95 291 109 454 426 53 63 99 325 466 0
0 187 486 379 151 9 163 230 150 40 352 20 238 178 421 251 383 241 315 83 399 35 458 417 465 218 49 0
