Objective: 3444
Running time : 238.26866269111633
Solution:
0 36 124 148 76 0
0 116 74 144 0
0 57 164 82 150 89 0
0 170 63 4 100 0
0 54 184 9 0
0 13 39 188 11 0
0 21 67 121 0
0 134 176 53 90 0
0 140 26 12 49 200 0
0 52 126 56 10 0
0 65 160 0
0 58 145 29 195 0
0 178 167 163 85 0
0 64 182 146 81 0
0 99 180 0
0 149 66 79 0
0 94 112 23 45 183 0
0 142 98 191 46 166 0
0 80 14 132 0
0 171 86 2 198 55 0
0 5 185 78 97 0
0 162 169 118 0
0 69 18 0
0 168 109 127 119 0
0 129 165 113 181 50 0
0 106 93 154 131 24 0
0 17 192 33 42 0
0 199 152 120 31 27 0
0 70 20 151 0
0 34 135 16 0
0 37 19 8 104 190 0
0 95 0
0 91 88 156 1 92 0
0 47 101 84 40 158 0
0 193 15 75 122 0
0 30 73 186 102 103 0
0 22 6 133 0
0 77 62 174 0
0 130 3 196 28 137 0
0 173 44 25 35 83 172 0
0 179 138 153 43 194 0
0 105 60 159 0
0 48 38 51 189 7 0
0 87 111 177 143 0
0 41 59 107 0
0 197 175 61 123 110 187 0
0 125 72 115 141 0
0 108 139 117 157 0
0 96 147 68 71 114 0
0 155 136 161 128 32 0
