Objective: 1851
Running time : 204.00956225395203
Solution:
0 92 50 97 0
0 26 67 0
0 78 57 20 0
0 94 0
0 68 79 0
0 43 40 19 0
0 98 80 0
0 96 0
0 14 84 0
0 59 91 35 0
0 65 83 0
0 71 0
0 75 0
0 32 28 0
0 41 31 0
0 34 46 0
0 8 63 24 0
0 3 77 0
0 39 73 0
0  0
0 60 0
0 12 85 81 54 0
0  0
0 95 37 82 0
0 42 0
0 64 62 0
0 45 90 99 0
0 47 48 44 0
0 66 0
0 4 0
0 30 0
0 6 21 0
0 88 69 0
0 18 72 0
0 100 36 16 0
0 25 61 49 0
0 89 0
0 52 70 0
0 38 13 0
0 7 53 33 0
0 10 5 55 0
0 22 23 0
0 15 0
0 93 87 0
0 17 9 51 0
0 11 0
0 1 86 74 0
0 27 76 0
0 58 56 0
0 29 2 0
