Objective: 14506
Running time : 578.3594245910645
Solution:
0 352 742 213 428 985 195 623 249 846 209 52 907 595 868 276 740 928 657 682 180 0
0 712 545 619 135 809 533 247 3 789 578 701 51 752 972 722 854 736 869 461 455 391 133 0
0 665 208 93 953 396 58 380 534 424 840 520 528 19 861 399 686 129 989 726 170 976 0
0 452 293 24 899 186 970 475 647 951 947 728 282 984 201 956 283 673 805 0
0 786 744 437 429 656 557 908 833 191 324 546 274 275 610 225 22 354 484 574 0
0 85 469 86 222 993 523 539 190 599 819 886 296 988 511 310 662 730 138 962 212 0
0 937 336 245 346 666 780 45 945 60 684 709 506 385 848 967 177 949 681 468 440 0
0 631 55 971 952 596 317 328 145 415 61 202 824 315 565 363 206 378 171 264 445 670 320 0
0 2 221 262 232 857 435 597 981 362 91 407 782 214 755 847 398 56 306 267 465 0
0 997 775 159 914 939 794 387 518 460 494 446 641 255 299 239 525 322 14 768 116 0
0 394 830 152 183 695 756 895 529 188 21 223 629 258 30 383 220 876 487 27 0
0 224 986 218 20 687 500 560 25 228 305 515 66 552 141 630 312 259 332 281 0
0 488 542 959 798 650 392 261 485 537 316 243 357 806 793 948 101 667 35 0
0 185 181 992 16 102 150 818 572 13 645 609 184 42 144 580 796 160 842 233 0
0 934 57 559 779 706 29 297 644 192 834 855 178 538 729 522 614 553 64 301 257 0
0 215 874 244 626 459 108 358 748 836 77 766 932 900 727 457 5 253 898 339 420 0
0 356 915 935 371 516 697 707 517 118 313 334 414 321 527 231 913 637 23 374 0
0 471 199 790 878 205 841 570 573 482 175 176 961 418 616 463 579 410 443 158 825 852 0
0 969 714 8 123 156 735 400 474 290 812 157 820 370 838 71 0
0 889 369 344 791 995 495 323 760 151 41 974 653 734 120 811 375 110 815 603 386 896 0
0 449 421 326 905 996 115 347 743 154 643 342 88 59 131 587 137 454 39 0
0 918 598 236 764 638 849 844 733 431 851 413 601 718 964 395 381 672 250 547 48 632 0
0 456 509 285 292 675 776 671 663 693 1 872 783 901 338 980 402 327 451 804 788 333 510 0
0 104 926 273 577 4 256 308 870 38 871 581 265 888 366 720 173 660 661 187 0
0 551 453 219 881 80 67 372 486 568 703 355 723 0
0 627 543 226 865 860 113 633 807 351 153 73 942 182 83 700 309 432 47 117 0
0 826 909 724 105 390 604 586 412 97 382 90 864 95 772 741 705 0
0 593 318 873 850 492 193 430 717 977 503 940 401 512 600 677 476 797 164 68 408 464 0
0 434 472 556 284 746 439 612 514 404 241 162 18 648 279 897 207 979 353 211 924 238 0
0 92 54 266 121 738 286 481 711 817 70 84 143 885 272 585 298 674 348 550 651 0
0 12 478 246 82 425 754 894 965 75 270 716 640 987 749 450 813 278 828 458 142 0
0 444 920 100 237 719 163 770 260 6 409 508 879 843 910 498 174 635 33 447 0
0 74 887 787 950 800 393 526 50 304 76 427 571 98 621 166 491 530 389 925 17 0
0 263 87 411 689 541 405 531 252 169 480 737 613 268 592 745 617 990 106 606 704 569 368 0
0 867 688 341 216 134 615 376 676 109 311 107 337 467 658 384 433 891 634 584 251 345 271 343 0
0 639 535 1000 406 837 917 943 582 242 929 417 778 799 198 702 544 680 81 53 699 777 883 654 0
0 941 505 130 877 379 725 628 359 7 936 122 289 605 759 189 763 884 646 561 423 946 731 466 0
0 360 521 715 831 235 377 540 983 808 34 448 814 921 483 721 710 388 125 691 903 751 0
0 575 795 373 200 765 161 462 277 203 975 149 664 566 416 422 753 931 519 636 504 862 0
0 781 288 496 99 217 944 15 302 364 489 165 827 823 329 146 548 441 147 330 0
0 269 845 365 46 875 10 882 669 11 477 367 442 280 683 694 938 295 204 916 96 0
0 558 69 103 853 501 747 114 859 622 248 696 829 625 291 210 325 132 810 966 72 499 229 0
0 234 963 140 955 602 757 911 922 750 927 563 863 168 856 124 40 620 659 240 31 982 524 0
0 954 49 758 890 44 9 155 43 36 589 773 294 111 139 127 690 307 403 892 470 349 37 79 0
0 227 172 960 904 698 822 968 958 906 655 532 769 536 902 594 319 774 287 685 194 801 0
0 254 26 314 994 832 303 436 335 784 732 119 196 300 28 350 62 739 562 0
0 611 678 590 583 978 919 624 835 912 999 65 816 497 128 668 331 652 473 821 792 0
0 340 839 785 126 588 179 479 112 490 564 493 802 771 973 32 923 89 438 549 991 0
0 361 230 554 397 513 767 957 761 167 708 502 78 607 649 63 858 893 880 692 0
0 507 136 679 148 618 419 762 576 933 591 555 930 998 866 567 642 608 713 803 197 94 426 0
