Objective value: 15432
Running time 3736.123393535614
Solution
0 848 854 863 939 941 959 12 1 95 77 118 97 146 21 126 47 233 139 68 122 184 620 154 222 265 0
0 477 611 643 743 852 71 262 144 155 282 30 22 300 43 309 168 177 6 27 33 278 89 80 234 213 537 202 259 264 0
0 536 550 579 584 599 628 640 642 673 676 683 763 773 798 804 834 871 878 882 905 944 953 212 66 79 62 443 138 44 468 451 497 0
0 423 427 461 475 483 554 672 709 894 991 338 53 166 316 299 125 132 219 462 218 109 303 0
0 269 310 364 429 432 517 518 529 568 636 670 799 802 805 918 48 340 344 11 361 54 24 308 586 480 0
0 217 221 254 301 328 392 447 456 466 521 569 600 726 745 796 808 847 859 952 973 400 152 26 368 15 0
0 87 149 156 241 337 341 411 472 499 543 573 663 788 877 884 931 185 174 167 390 318 7 74 0
0 365 426 436 492 583 623 648 691 752 774 814 825 828 830 898 906 936 937 457 203 148 699 0
0 162 181 231 311 315 357 377 574 578 644 653 730 767 787 889 930 947 961 963 42 606 251 438 0
0 39 65 121 128 157 201 382 425 471 486 498 502 535 566 575 609 654 720 772 817 849 855 881 911 946 969 232 0
0 114 133 151 193 243 324 329 416 424 511 524 597 610 650 656 664 688 742 810 816 864 869 873 987 61 0
0 158 355 500 721 748 762 764 846 903 981 1000 180 9 78 374 646 346 363 768 0
0 171 257 307 372 375 389 420 437 470 478 629 639 659 696 703 710 713 822 839 880 890 901 919 924 942 984 0
0 440 479 553 577 592 655 677 687 758 781 800 807 813 826 862 867 900 909 920 954 994 0
0 40 46 69 207 229 272 339 370 396 460 530 541 570 572 615 624 735 766 874 876 0
0 76 100 248 256 258 349 373 406 590 621 841 856 893 997 0
0 16 172 209 247 255 595 616 637 660 729 744 938 0
0 2 13 14 82 105 163 267 342 371 560 645 657 666 776 835 853 896 0
0 73 108 130 276 326 336 359 399 405 493 548 712 718 975 977 0
0 41 101 197 242 281 283 333 383 386 433 692 794 916 917 992 0
0 19 50 57 106 165 205 277 284 428 439 452 680 719 780 857 886 934 968 0
0 23 110 119 150 280 403 513 552 559 607 671 685 700 706 711 858 976 999 0
0 113 186 271 287 304 313 323 325 348 384 404 487 503 504 533 549 564 588 746 812 895 0
0 238 273 293 412 414 418 448 458 531 538 605 707 724 738 741 784 809 872 897 926 951 0
0 63 140 169 236 246 250 407 454 463 489 576 617 626 661 665 697 714 757 833 902 907 935 970 0
0 38 115 116 164 176 192 295 362 394 395 431 464 527 580 587 682 693 971 0
0 45 92 107 112 147 191 216 334 409 421 435 450 534 547 557 567 585 589 622 686 708 751 775 778 940 0
0 4 35 55 70 91 215 291 292 297 347 352 410 422 667 771 837 861 865 892 0
0 5 17 25 32 36 160 188 379 540 618 842 845 960 0
0 388 474 491 505 514 539 542 591 608 634 658 690 705 716 725 737 759 779 782 819 899 932 955 993 996 0
0 175 286 290 296 335 353 356 360 378 387 446 523 627 679 701 815 824 832 840 844 958 962 0
0 34 161 228 279 305 331 343 369 515 598 638 647 750 777 795 870 927 956 964 974 982 995 0
0 88 90 142 179 214 253 263 455 490 558 561 669 695 755 789 836 868 887 929 0
0 75 81 86 99 127 350 417 496 581 694 702 769 818 883 885 972 0
0 29 312 441 501 582 604 635 652 675 739 765 770 785 786 838 914 943 978 998 0
0 8 18 37 51 56 58 60 67 111 137 159 183 285 332 398 413 546 551 602 619 632 728 760 879 0
0 31 96 223 240 306 320 402 408 442 495 526 555 633 715 875 910 921 933 986 0
0 59 124 178 196 385 476 544 754 797 850 928 989 0
0 244 245 321 327 449 525 625 668 704 891 913 965 980 985 0
0 104 200 204 206 208 401 473 482 484 528 562 801 904 908 925 967 0
0 195 211 237 249 376 453 481 510 571 593 594 717 790 811 821 831 860 923 966 0
0 3 10 83 84 85 134 135 145 153 268 302 434 494 612 631 722 851 922 983 0
0 49 120 143 189 224 260 261 270 288 298 314 319 381 397 415 485 507 545 603 641 698 791 793 950 0
0 28 393 419 444 508 519 662 732 733 734 823 827 915 990 0
0 64 93 182 210 235 322 351 380 430 459 614 651 674 723 740 783 948 0
0 52 173 220 225 294 358 532 556 565 613 630 678 753 756 761 829 0
0 94 117 141 190 226 239 275 289 330 689 731 736 803 806 820 888 0
0 123 129 131 274 317 354 366 367 445 512 520 522 596 681 747 792 979 0
0 98 103 136 170 187 194 252 266 469 488 601 649 727 749 866 0
0 20 72 102 198 199 227 230 345 391 465 467 506 509 516 563 684 843 912 945 949 957 988 0