Objective value: 8377
Running time 258.47236132621765
Solution
0 246 304 369 421 432 468 486 15 24 20 51 83 34 5 47 86 38 0
0 139 157 191 243 320 414 431 477 493 23 75 97 42 0
0 96 110 267 275 312 335 349 378 399 417 17 129 94 0
0 91 154 172 198 236 288 311 434 437 452 18 27 10 0
0 114 117 164 476 3 103 60 79 113 0
0 53 78 90 121 207 229 331 388 423 426 463 469 0
0 98 143 176 336 339 400 401 422 0
0 134 162 199 206 269 289 321 334 357 359 377 406 479 0
0 148 205 212 230 301 302 396 407 444 459 462 0
0 88 161 218 347 458 494 0
0 63 73 89 111 208 368 405 448 483 487 497 0
0 31 43 87 165 242 308 340 440 449 0
0 7 52 77 158 173 182 221 283 290 412 484 485 0
0 65 72 168 177 194 292 429 0
0 106 281 392 0
0 93 112 122 249 268 373 375 415 0
0 119 156 169 203 222 253 343 345 409 464 465 489 0
0 13 14 33 39 56 74 160 255 293 410 438 495 0
0 19 40 58 66 126 215 261 309 372 391 456 478 481 0
0 59 80 183 197 223 252 325 366 408 0
0 29 115 179 225 245 350 384 447 0
0 150 200 241 254 259 329 330 363 418 480 0
0 22 76 100 123 147 296 299 365 470 500 0
0 124 211 228 231 472 474 0
0 48 136 195 265 270 291 303 386 466 498 0
0 6 45 84 128 248 305 433 435 0
0 62 71 175 178 233 251 276 353 394 404 0
0 11 28 138 144 153 170 274 280 294 298 441 450 0
0 44 92 101 151 180 192 217 219 257 273 382 390 471 0
0 1 32 82 85 118 272 285 397 430 490 0
0 26 116 130 190 202 262 307 385 402 436 439 0
0 64 108 142 186 492 0
0 21 37 69 135 213 316 351 360 420 424 457 460 0
0 35 54 104 131 220 263 279 295 337 344 367 0
0 12 133 159 237 313 314 322 348 380 445 0
0 57 70 163 181 278 341 362 387 446 473 475 0
0 16 61 109 132 428 488 0
0 120 185 188 256 258 352 370 371 381 0
0 4 125 171 189 244 266 310 395 403 413 419 491 0
0 8 41 67 127 232 338 425 443 496 0
0 105 141 155 240 306 326 328 376 393 453 0
0 9 149 174 264 355 379 427 454 0
0 30 99 152 201 216 224 235 286 327 0
0 50 55 137 166 167 187 214 239 297 300 318 416 0
0 209 287 317 356 0
0 196 204 234 250 260 271 277 282 332 358 398 442 0
0 46 95 315 323 383 455 467 0
0 2 36 102 140 145 210 324 346 354 374 0
0 25 49 68 146 184 193 247 319 361 461 482 499 0
0 81 107 226 227 238 284 333 342 364 389 411 451 0
