Objective value: 3383
Running time 63.384238481521606
Solution
0 162 23 9 14 94 0
0 13 17 42 3 15 73 0
0 147 160 196 200 0
0 70 1 2 10 72 0
0 98 47 8 69 0
0 28 45 115 151 0
0 102 163 176 33 71 0
0 124 19 62 95 107 0
0 36 41 61 76 82 186 0
0 11 89 158 194 24 0
0 74 87 125 174 190 0
0 26 37 66 67 80 0
0 20 55 81 86 108 138 60 0
0 63 111 140 199 0
0 6 59 187 65 0
0 34 96 100 152 195 0
0 104 172 0
0 79 123 156 0
0 38 46 56 191 0
0 31 0
0 16 84 131 155 171 0
0 101 139 168 185 0
0 43 153 154 159 0
0 58 106 118 128 166 170 0
0 18 21 30 40 180 0
0 142 144 182 0
0 0
0 53 78 132 0
0 49 51 88 126 192 0
0 116 122 145 164 0
0 54 75 113 121 193 0
0 4 50 120 173 0
0 7 35 44 57 0
0 68 92 110 127 0
0 83 103 157 175 0
0 77 136 0
0 90 119 161 188 0
0 32 149 167 0
0 22 48 135 0
0 148 177 0
0 27 184 0
0 39 143 165 178 0
0 5 137 198 0
0 12 85 105 0
0 93 99 114 134 183 0
0 112 117 181 0
0 25 29 130 150 169 179 189 0
0 52 129 133 0
0 91 109 141 197 0
0 64 97 146 0
