Objective value: 6557
Running time 35.3426628112793
Solution
0 6 36 9 7 26 38 158 166 193 60 0
0 113 66 134 27 136 35 179 68 95 30 8 0
0 45 24 55 67 2 78 80 125 196 198 0
0 145 168 23 65 44 16 21 105 46 20 10 0
0 25 49 51 52 96 137 172 182 185 29 59 0
0 62 89 90 91 94 97 157 195 199 47 4 0
0 79 117 124 132 135 154 159 169 190 192 31 11 22 0
0 109 151 152 161 167 34 70 40 0
0 50 75 84 92 114 115 188 189 58 108 37 0
0 81 83 93 101 107 111 112 140 173 1 3 0
0 63 69 77 104 138 150 164 191 0
0 42 64 82 118 178 130 19 18 144 0
0 15 33 56 116 171 176 133 54 0
0 14 72 149 162 39 177 71 141 0
0 76 88 119 120 122 127 131 142 143 165 175 180 186 0
0 41 53 146 155 174 61 48 17 0
0 43 57 103 106 121 128 129 181 183 184 187 194 0
0 28 32 85 102 123 126 139 148 160 0
0 5 12 13 87 98 99 100 153 163 170 0
0 73 74 86 110 147 156 197 200 0
