Objective value: 7946
Running time 3873.4486181735992
Solution
0 52 148 174 301 528 634 665 695 767 794 240 0
0 180 291 363 381 545 567 757 759 762 916 939 0
0 20 297 354 653 884 987 0
0 204 243 338 464 487 572 599 666 717 732 773 800 0
0 74 128 228 272 273 296 510 760 813 943 962 10 411 0
0 35 406 577 645 648 656 394 382 0
0 244 371 407 438 536 791 879 909 956 970 0
0 318 378 410 417 440 537 601 820 878 899 905 145 0
0 34 251 387 556 700 766 784 973 975 102 0
0 41 173 269 286 304 765 785 852 932 961 42 0
0 118 119 122 139 166 442 727 750 771 790 798 850 912 976 0
0 57 60 200 239 292 471 655 707 832 854 895 62 245 0
0 399 506 623 786 847 960 0
0 82 154 183 493 860 120 276 2 0
0 143 157 391 409 434 504 650 701 721 85 0
0 36 203 337 347 418 500 788 26 33 281 0
0 188 321 333 369 456 511 534 600 699 745 894 0
0 274 331 405 436 466 512 564 739 763 937 0
0 123 205 232 305 597 627 903 920 953 981 995 0
0 429 467 480 573 612 696 843 926 968 979 989 339 0
0 187 211 241 334 583 642 657 751 105 0
0 24 46 98 124 134 149 151 448 628 724 778 0
0 252 306 403 495 677 698 730 827 137 0
0 142 398 484 674 777 954 0
0 73 146 225 235 268 400 554 594 835 846 871 917 17 0
0 8 78 164 383 393 586 595 663 869 37 0
0 358 364 682 683 793 802 837 907 918 946 958 0
0 39 255 280 447 681 725 799 0
0 27 64 109 300 461 465 607 611 891 940 980 0
0 259 460 789 873 893 935 966 70 11 0
0 293 341 494 574 603 609 618 670 690 754 770 0
0 141 158 317 380 427 454 457 630 684 805 808 0
0 50 88 202 355 483 723 746 748 755 872 994 0
0 191 329 441 516 549 615 631 676 866 904 913 951 0
0 359 360 844 3 0
0 271 328 538 640 708 718 781 818 853 947 948 998 0
0 95 218 324 503 514 625 678 822 834 0
0 167 193 308 353 384 496 525 661 774 929 930 0
0 198 431 546 562 633 664 728 928 527 0
0 44 319 416 969 0
0 101 121 140 190 492 532 543 688 859 925 0
0 65 223 275 455 519 588 614 756 977 0
0 144 330 553 581 654 113 150 0
0 22 430 557 0
0 486 636 127 28 0
0 45 336 426 488 559 566 629 803 955 89 99 19 0
0 162 372 526 544 624 651 716 744 772 826 836 964 0
0 40 257 298 404 412 476 587 693 851 883 897 0
0 13 159 231 289 542 719 848 1000 115 0
0 402 423 424 568 593 658 737 758 797 815 1 0
0 23 61 449 610 659 679 761 845 177 38 0
0 315 342 547 585 667 694 752 796 831 857 993 184 0
0 129 215 302 397 490 501 535 662 817 942 290 0
0 264 373 420 475 524 570 602 880 881 888 906 0
0 15 234 261 443 639 741 743 787 795 863 901 0
0 186 314 365 401 523 944 0
0 69 93 97 114 323 780 801 0
0 7 248 435 508 582 596 856 87 0
0 75 110 116 283 561 571 783 806 285 0
0 53 176 282 343 479 870 56 0
0 31 230 236 270 518 660 680 811 927 0
0 126 130 266 335 413 422 452 507 530 533 972 0
0 194 307 344 350 444 474 669 689 747 0
0 4 171 340 361 472 505 579 621 672 849 0
0 68 106 112 242 254 311 520 551 713 720 722 804 842 967 0
0 21 67 76 178 224 278 392 569 637 775 864 182 0
0 147 212 237 258 481 552 592 776 816 965 0
0 16 84 138 295 385 539 833 855 919 923 990 55 30 0
0 185 213 277 366 482 499 515 738 749 959 983 179 0
0 25 133 262 267 313 414 715 729 819 862 999 0
0 86 227 345 437 509 608 668 841 877 978 0
0 135 196 208 216 246 253 316 368 439 896 936 309 421 0
0 66 172 175 377 428 502 714 734 735 51 0
0 327 356 575 641 768 810 874 933 934 949 0
0 80 209 219 260 513 540 604 673 889 892 952 90 181 0
0 117 325 357 463 742 823 908 910 945 0
0 49 71 132 206 558 697 703 711 807 0
0 72 107 222 287 388 390 580 675 691 706 710 0
0 108 165 169 214 451 462 858 882 911 914 922 985 0
0 47 94 250 531 731 828 0
0 18 111 170 226 247 288 458 491 550 613 652 875 996 0
0 375 425 473 529 685 687 779 809 865 902 997 0
0 294 453 477 814 963 986 0
0 100 136 153 310 379 395 450 887 941 974 197 0
0 5 6 233 459 576 649 824 861 921 48 63 0
0 104 220 279 326 346 626 704 740 753 971 984 43 12 0
0 103 265 303 548 584 733 764 821 868 890 957 0
0 445 617 632 702 736 792 898 900 915 924 256 0
0 263 322 497 517 578 619 643 825 838 876 96 14 0
0 32 152 221 249 320 362 606 692 812 189 0
0 207 433 468 469 522 605 769 79 163 0
0 161 168 201 238 284 367 478 598 81 77 0
0 58 83 92 348 370 563 635 686 988 0
0 91 160 217 332 352 396 415 638 671 931 938 992 0
0 125 155 195 389 541 555 589 591 839 840 886 0
0 299 349 376 419 590 991 0
0 210 351 432 560 709 782 829 950 29 9 0
0 54 192 199 386 470 485 498 521 565 620 705 867 0
0 59 131 229 312 408 489 616 622 646 647 726 982 0
0 374 446 644 712 830 885 156 0
