Objective value: 11139
Running time 317.4477865695953
Solution
0 305 307 313 436 453 579 618 627 646 653 19 5 47 62 160 4 24 128 138 119 83 290 0
0 200 208 243 270 475 603 623 626 644 645 674 134 29 6 129 0
0 167 210 265 297 299 402 410 421 532 536 557 575 591 597 59 41 11 57 77 122 0
0 212 288 325 404 408 549 553 585 605 75 182 38 12 51 98 135 0
0 241 361 430 438 472 479 500 569 576 584 589 610 697 3 15 34 196 172 0
0 132 191 202 206 242 261 316 577 651 695 698 1 91 50 8 0
0 80 104 114 126 187 201 374 379 393 467 480 489 490 583 696 28 89 240 0
0 20 52 95 131 139 224 451 526 543 641 72 30 33 115 10 0
0 73 96 120 124 209 255 371 482 548 551 619 84 64 0
0 17 18 53 102 108 113 177 225 231 329 331 338 409 439 441 649 679 0
0 149 154 168 173 220 247 319 321 367 368 419 445 474 504 513 594 599 664 0
0 37 42 68 101 130 142 164 428 450 622 681 0
0 66 175 204 222 235 273 339 412 427 517 565 0
0 165 190 213 274 279 314 343 443 444 461 503 531 542 596 598 607 638 0
0 27 31 121 146 217 236 251 254 516 541 546 0
0 2 81 234 286 346 468 501 601 615 617 655 676 0
0 58 82 211 263 293 295 310 337 350 396 477 521 568 643 672 690 700 0
0 43 79 103 144 150 171 245 276 333 514 581 600 621 0
0 69 227 335 349 363 369 496 562 606 691 0
0 65 76 116 260 383 386 399 400 401 407 411 455 462 485 506 530 534 625 0
0 54 55 107 302 306 353 366 454 656 665 677 0
0 92 109 140 219 285 340 358 426 447 448 478 540 586 629 685 0
0 39 74 112 123 137 256 281 322 344 395 442 484 528 572 634 686 688 0
0 86 97 106 136 192 268 301 332 352 381 406 464 471 509 555 588 616 620 0
0 78 94 100 110 133 155 239 308 315 456 511 552 571 689 0
0 45 269 342 432 466 494 495 525 564 648 0
0 16 156 194 198 238 311 354 391 424 470 510 566 567 612 675 0
0 44 237 289 355 373 376 431 518 658 0
0 56 60 162 248 259 304 387 429 574 663 668 0
0 147 176 203 218 277 414 435 498 561 595 614 0
0 26 67 174 257 327 356 370 449 483 520 527 636 654 659 666 0
0 21 61 99 145 170 216 324 559 609 613 670 0
0 14 32 193 298 318 326 328 345 372 416 491 680 0
0 157 180 181 186 249 275 287 291 309 347 357 362 364 502 538 582 647 694 0
0 117 185 264 389 488 570 608 637 650 669 673 684 699 0
0 93 334 497 537 0
0 9 13 48 221 258 271 296 390 397 437 452 473 556 592 671 0
0 36 40 111 148 184 189 195 278 323 341 360 365 398 446 519 550 604 0
0 226 230 330 348 403 418 433 458 459 508 558 661 662 0
0 88 158 163 166 223 244 266 267 283 294 385 425 476 487 0
0 22 49 63 141 152 199 207 272 284 292 312 380 384 580 640 652 0
0 90 159 228 246 336 359 434 507 529 593 602 633 0
0 23 280 320 413 420 465 492 499 533 639 657 667 687 0
0 25 35 183 215 232 545 0
0 71 125 153 214 262 351 415 423 469 515 523 524 535 554 573 624 631 682 0
0 233 250 300 377 392 405 422 460 493 505 512 522 560 678 693 0
0 70 118 169 197 282 382 388 394 463 544 547 590 683 0
0 127 229 303 378 457 563 0
0 7 46 87 143 151 179 205 252 417 628 630 632 635 642 660 692 0
0 85 105 161 178 188 253 317 375 440 481 486 539 578 587 611 0
