Objective value: 17391
Running time 106.76578569412231
Solution
0 219 220 283 295 302 305 320 347 376 403 413 416 423 462 478 498 499 475 2 8 41 96 25 64 210 0
0 88 106 134 144 153 172 176 200 214 290 312 337 366 377 384 402 443 456 480 37 26 11 10 36 39 6 43 44 16 0
0 48 93 120 126 127 149 196 202 218 221 246 250 264 342 343 375 389 394 401 404 436 483 56 82 22 112 61 9 0
0 155 162 189 198 228 239 248 254 256 260 276 285 286 296 308 319 324 325 327 387 399 441 451 464 484 494 212 0
0 53 63 117 122 123 140 148 195 206 207 231 237 238 301 304 344 348 354 357 370 392 432 437 479 14 178 0
0 15 45 52 65 67 71 95 110 133 141 147 169 174 185 216 227 234 255 322 350 360 421 481 0
0 13 17 18 20 27 60 76 81 113 132 156 159 171 175 183 204 215 223 233 273 307 369 388 397 405 482 74 24 85 0
0 47 62 99 105 115 130 135 137 142 143 145 184 187 197 203 232 271 272 349 374 428 454 460 489 23 0
0 5 12 19 29 30 38 55 78 84 97 101 111 121 163 191 266 284 291 293 303 332 378 407 426 433 461 473 500 40 0
0 28 54 80 94 98 102 129 158 166 181 224 242 275 317 356 359 371 379 380 406 419 427 438 442 448 457 468 488 0
0 7 77 87 90 170 193 201 209 217 279 281 306 335 346 373 485 492 1 4 0
0 3 31 57 89 107 119 136 165 182 188 199 236 243 287 299 326 341 351 382 383 420 430 444 453 459 469 0
0 21 32 34 46 50 69 116 124 125 131 139 222 252 274 277 278 310 311 331 338 372 466 471 495 0
0 100 152 179 213 261 298 367 393 400 418 439 447 449 450 470 0
0 51 59 66 68 73 75 83 118 190 208 230 235 258 265 269 288 316 328 408 431 477 487 0
0 58 154 160 164 180 186 194 229 257 262 318 339 345 364 386 395 398 412 415 446 452 463 474 476 496 0
0 70 104 114 146 150 161 167 177 259 280 297 334 340 355 363 396 409 414 417 455 465 0
0 35 49 86 91 103 128 138 157 205 211 241 247 249 267 289 292 321 336 358 362 365 368 391 411 422 424 425 440 472 490 0
0 33 42 72 79 109 151 173 225 240 245 253 268 270 300 313 314 315 333 352 353 381 429 434 435 467 497 0
0 92 108 168 192 226 244 251 263 282 294 309 323 329 330 361 385 390 410 445 458 486 491 493 0
