Objective value: 8611
Running time 400.8885052204132
Solution
0 115 119 304 318 383 488 497 542 620 635 670 692 0
0 108 187 189 330 445 489 548 680 0
0 133 256 278 354 402 412 522 523 559 584 634 0
0 169 362 381 392 446 456 512 532 612 631 18 0
0 27 47 74 217 268 282 476 508 621 624 628 648 687 34 38 0
0 210 220 251 276 351 391 565 587 596 626 658 684 42 0
0 183 185 202 212 221 245 261 342 376 457 558 0
0 24 29 65 93 129 363 452 492 544 553 605 651 691 696 0
0 22 82 83 95 229 260 293 451 0
0 137 213 231 335 410 507 514 518 547 0
0 52 99 358 469 555 675 0
0 37 49 97 218 249 323 334 416 513 562 571 588 590 665 0
0 75 86 140 191 233 479 568 572 641 689 0
0 59 151 154 499 528 645 661 676 0
0 101 206 327 388 471 615 694 0
0 68 111 126 148 181 356 394 595 0
0 124 259 464 530 0
0 13 36 78 157 190 238 253 286 341 434 472 685 152 0
0 105 135 174 298 366 380 462 625 647 699 0
0 242 303 490 537 564 664 700 143 0
0 62 72 138 193 275 371 422 484 515 552 570 583 171 0
0 14 32 41 63 71 237 257 274 360 461 627 0
0 56 61 136 179 277 344 480 533 609 690 0
0 87 106 107 239 382 506 543 581 695 0
0 153 288 321 470 549 586 617 0
0 116 121 122 252 343 364 373 632 0
0 132 168 258 331 424 436 619 0
0 7 26 172 188 287 292 368 399 466 510 593 636 662 9 0
0 6 100 110 127 236 280 325 333 367 405 520 550 686 144 0
0 160 194 289 350 425 491 501 561 575 582 589 668 0
0 19 23 196 200 228 291 365 640 649 0
0 81 166 262 299 408 478 482 500 504 517 592 654 667 0
0 149 161 255 285 308 473 577 655 666 679 1 0
0 73 77 113 146 180 235 296 432 526 659 109 0
0 12 128 271 290 329 437 443 448 524 598 642 0
0 120 130 305 313 454 498 560 0
0 53 118 272 453 643 663 0
0 45 145 156 195 224 357 397 415 421 426 607 176 0
0 60 167 192 232 306 385 423 519 569 637 669 0
0 33 114 393 403 438 551 556 51 0
0 69 147 241 317 417 419 430 444 505 529 563 608 652 0
0 11 15 35 178 270 273 369 375 407 460 483 606 639 0
0 134 209 216 234 353 359 400 487 650 0
0 103 163 173 175 198 248 345 418 468 557 594 611 616 633 0
0 159 205 269 319 384 414 420 486 566 573 574 0
0 70 230 295 316 435 503 567 698 0
0 21 48 314 355 521 603 656 0
0 30 215 455 0
0 46 79 125 201 208 223 267 349 614 84 0
0 66 90 226 406 465 496 511 578 585 610 644 54 0
0 131 184 246 301 322 390 395 441 442 485 536 541 602 0
0 102 155 347 427 431 477 509 531 613 638 674 0
0 3 5 43 211 263 294 352 370 378 459 677 0
0 88 89 320 387 409 527 576 601 40 0
0 16 96 225 244 250 300 340 673 0
0 8 17 94 203 240 243 283 389 433 502 539 4 0
0 67 117 139 141 266 449 538 540 697 0
0 10 20 28 39 338 440 463 0
0 85 182 219 279 339 398 579 657 0
0 222 377 474 481 493 591 0
0 2 57 64 158 207 254 324 401 439 447 516 604 660 164 0
0 76 80 170 265 326 346 374 428 599 622 623 678 0
0 44 92 142 177 297 310 495 535 0
0 112 264 307 312 348 372 404 450 467 546 597 0
0 91 165 197 247 672 0
0 55 98 162 199 309 458 31 0
0 25 104 123 150 186 204 475 681 693 0
0 58 214 315 328 386 411 413 525 545 600 629 683 0
0 281 311 332 337 361 379 396 646 671 682 688 0
0 227 284 302 336 429 494 534 554 580 618 630 653 50 0
