Objective value: 11189
Running time 478.09239077568054
Solution
0 49 90 136 144 360 485 668 702 705 903 914 985 0
0 17 35 67 120 470 649 813 0
0 55 196 331 524 580 615 671 733 734 924 941 989 0
0 4 158 191 269 397 445 474 527 624 675 746 754 912 0
0 54 103 450 510 570 581 597 667 678 927 982 994 0
0 60 104 134 183 284 382 433 507 621 673 792 0
0 46 101 447 497 613 629 652 889 0
0 19 130 140 270 278 335 384 549 612 700 839 865 883 900 0
0 216 234 265 370 440 464 620 935 961 0
0 29 170 224 333 428 0
0 13 233 453 551 773 799 895 906 0
0 285 402 530 578 614 727 786 796 849 0
0 137 339 414 590 695 719 774 877 986 0
0 23 179 280 346 515 609 687 731 979 0
0 44 80 235 571 798 805 832 891 963 972 988 0
0 212 225 237 417 736 803 833 857 932 998 0
0 5 206 650 936 0
0 142 261 309 411 476 486 526 562 672 744 830 878 915 0
0 27 124 156 256 305 400 452 576 579 755 807 808 892 0
0 66 163 217 240 241 264 484 665 811 855 859 0
0 139 152 416 762 770 800 872 916 0
0 24 73 94 121 125 127 147 201 214 226 254 517 682 825 874 0
0 138 418 683 716 785 828 0
0 12 41 232 367 420 423 821 962 999 0
0 56 117 167 189 319 327 353 461 677 724 987 0
0 185 200 222 250 291 375 425 954 0
0 469 520 532 552 968 983 0
0 59 188 637 644 934 940 950 970 991 0
0 89 187 203 545 611 653 684 790 886 0
0 171 211 229 253 329 358 386 404 424 435 528 565 574 645 738 0
0 77 97 98 559 572 655 663 686 688 694 720 876 893 0
0 15 75 219 301 315 349 741 784 815 930 977 0
0 100 129 281 326 443 448 496 566 617 0
0 22 268 286 394 406 591 634 757 783 0
0 18 20 84 161 295 361 564 582 596 669 676 735 764 789 0
0 257 457 544 589 666 721 761 842 854 0
0 16 95 110 438 533 540 911 1000 0
0 220 751 943 0
0 30 143 150 202 263 282 287 362 454 563 758 766 0
0 3 293 350 407 471 739 933 964 995 997 0
0 9 48 64 82 467 583 604 625 632 0
0 290 312 365 366 753 850 882 0
0 131 342 392 426 475 626 710 740 782 845 980 0
0 78 112 177 300 311 499 501 0
0 174 178 314 390 430 659 776 817 0
0 34 153 193 213 344 354 503 622 725 974 0
0 116 197 302 317 378 399 456 495 600 602 818 0
0 6 102 439 451 543 658 732 836 879 905 0
0 45 92 194 325 387 460 535 599 639 701 834 966 0
0 33 190 368 401 472 557 568 635 864 0
0 47 81 169 343 427 468 567 575 592 636 647 697 858 0
0 239 275 479 498 550 0
0 198 383 415 462 690 0
0 79 204 243 321 371 463 843 901 960 965 0
0 215 357 441 442 465 723 775 801 846 937 0
0 175 192 277 478 712 826 827 829 952 0
0 40 65 68 119 154 165 245 260 546 685 708 788 0
0 69 577 910 0
0 141 168 271 491 514 537 594 747 778 814 928 947 0
0 76 111 159 173 377 393 487 588 728 737 779 868 956 0
0 115 539 899 0
0 37 186 313 413 640 689 711 838 925 944 0
0 146 181 276 294 518 633 646 699 722 750 752 812 884 894 951 0
0 107 148 606 638 704 898 917 0
0 32 63 83 176 221 303 359 372 436 458 480 555 595 793 819 904 0
0 11 42 288 376 541 648 707 809 822 0
0 106 199 230 336 419 619 680 713 0
0 53 72 105 135 209 363 379 405 459 493 556 584 585 691 890 958 0
0 28 62 122 160 272 511 726 794 869 0
0 149 248 334 434 587 654 913 0
0 74 492 863 942 0
0 52 113 252 273 323 482 548 553 558 853 881 990 993 0
0 25 118 236 421 431 512 538 674 772 0
0 93 164 228 267 296 347 391 466 534 729 896 902 921 0
0 85 255 449 494 542 627 662 756 765 887 0
0 31 207 351 516 554 616 641 656 679 787 871 946 955 996 0
0 43 88 258 560 888 939 949 0
0 210 318 388 422 429 490 502 509 513 608 692 763 923 0
0 39 86 259 373 455 488 601 717 816 908 919 0
0 14 133 151 223 231 536 681 749 780 860 0
0 51 262 279 292 348 408 547 573 610 661 797 862 873 907 0
0 50 91 182 338 385 519 598 769 802 848 909 971 0
0 114 184 195 304 306 316 642 742 823 931 0
0 2 109 369 481 531 630 657 698 781 867 880 948 0
0 10 145 180 664 870 885 897 929 945 984 0
0 57 99 157 249 310 337 586 651 791 835 875 926 0
0 128 208 246 274 289 308 332 355 356 504 670 703 856 0
0 71 162 205 242 299 381 403 412 473 521 643 706 866 957 981 0
0 21 26 96 218 432 446 477 522 992 0
0 123 126 172 283 307 328 628 709 718 820 837 851 0
0 7 132 166 247 389 398 523 529 569 806 844 969 0
0 8 87 108 345 364 489 603 693 777 852 0
0 70 410 525 715 810 918 0
0 322 483 631 759 771 804 831 973 975 0
0 1 36 61 227 266 330 374 505 605 714 745 768 861 938 0
0 396 506 618 696 0
0 298 340 341 352 395 660 748 760 824 922 978 0
0 38 155 238 297 380 508 561 743 795 841 920 0
0 251 324 500 593 840 847 959 976 0
0 58 244 320 409 437 444 607 623 730 767 953 967 0
