Objective value: 6321
Running time 51.924365758895874
Solution
0 186 159 62 61 138 174 20 133 196 184 79 0
0 169 158 188 51 105 17 46 125 168 21 0
0 56 10 49 96 57 123 37 162 117 0
0 146 38 103 64 77 134 185 130 190 145 0
0 34 108 75 135 141 109 150 43 31 0
0 148 113 36 53 54 132 172 83 161 0
0 88 73 110 115 116 93 121 153 76 149 192 95 44 0
0 89 22 183 136 40 143 94 119 129 140 19 0
0 175 165 152 98 58 68 144 27 35 42 0
0 52 9 70 176 66 16 128 74 25 170 0
0 157 33 155 92 156 24 193 91 26 0
0 177 114 81 84 13 127 199 100 59 50 200 0
0 107 142 137 87 39 120 198 67 72 154 60 0
0 82 99 8 6 194 32 86 181 102 0
0 171 195 197 5 97 29 187 65 2 124 69 0
0 11 106 179 18 55 180 63 4 178 160 0
0 173 28 3 104 182 80 48 122 14 147 0
0 12 23 151 1 163 15 139 41 0
0 167 126 166 189 90 111 71 45 131 0
0 78 164 191 30 101 112 85 118 7 47 0
