Objective value: 1495
Running time 63.79805660247803
Solution
0 10 22 0
0 89 20 0
0 8 0
0 55 11 0
0 15 69 0
0 94 0
0 67 0
0 1 62 0
0 52 44 90 0
0 91 34 0
0 5 38 0
0 51 93 0
0 71 30 0
0 84 0
0 46 47 54 40 0
0 36 32 0
0 60 0
0 68 0
0 77 0
0 43 0
0 48 100 0
0 29 79 0
0 18 12 0
0 58 0
0 17 64 0
0 59 9 0
0 25 78 0
0 65 0
0 99 39 0
0 76 42 0
0 70 19 35 0
0 88 56 0
0 61 7 23 0
0 81 72 0
0 73 4 0
0 21 50 6 0
0 26 13 0
0 97 53 75 49 0
0 33 82 3 0
0 16 0
0 41 14 0
0 74 92 0
0 2 98 24 0
0 95 85 0
0 66 37 0
0 45 80 83 0
0 27 86 0
0 28 96 0
0 87 63 0
0 31 57 0
