Objective value: 9731
Running time 362.70126938819885
Solution
0 35 199 291 374 683 600 423 0
0 125 136 254 304 444 494 497 558 597 618 679 0
0 5 189 234 310 382 452 573 663 0
0 81 72 215 244 246 499 533 546 669 30 0
0 607 460 256 173 56 20 631 674 694 0
0 128 209 231 262 281 336 693 687 650 602 479 463 0
0 4 45 638 611 207 282 488 655 690 0
0 3 259 332 345 400 466 0
0 52 119 120 279 399 609 676 0
0 177 196 252 286 293 362 385 404 431 464 487 554 571 0
0 13 21 51 82 84 98 146 183 192 225 384 453 587 656 0
0 634 141 201 206 329 340 438 441 604 102 63 32 659 681 0
0 89 187 121 223 570 272 563 233 572 0
0 114 330 486 549 338 556 14 578 619 0
0 91 208 640 483 446 425 241 217 697 644 598 628 0
0 358 285 83 79 58 41 413 448 459 471 630 648 0
0 300 540 476 398 478 686 0
0 77 95 289 269 138 105 328 357 477 532 514 651 626 520 545 0
0 28 60 468 426 419 409 387 375 0
0 27 43 99 143 178 327 411 420 436 502 567 503 615 0
0 19 49 88 243 325 700 586 552 509 0
0 191 219 334 341 433 455 472 519 505 525 668 0
0 37 100 111 124 139 153 317 337 344 513 536 579 0
0 67 137 156 535 412 297 616 688 0
0 69 75 142 150 264 339 355 402 428 515 0
0 107 194 227 265 356 383 407 432 474 547 660 0
0 97 165 204 258 678 601 458 449 440 380 290 0
0 57 6 68 108 110 168 190 343 581 593 596 0
0 22 117 129 388 322 181 174 548 691 0
0 29 44 218 148 109 239 245 288 465 470 538 562 645 653 0
0 1 113 167 184 236 276 490 491 527 529 606 0
0 23 213 220 306 360 461 664 0
0 123 381 352 251 230 506 646 298 508 528 647 0
0 31 284 228 33 299 454 462 473 498 560 564 0
0 147 614 561 534 467 427 326 271 162 617 0
0 87 115 200 248 274 314 315 482 521 507 613 657 0
0 161 212 216 270 295 342 390 523 531 643 0
0 40 104 106 122 149 396 485 524 0
0 456 347 303 145 226 10 0
0 80 261 365 495 569 544 543 539 621 0
0 90 154 250 296 627 636 685 576 605 0
0 16 66 130 155 159 224 277 331 350 406 512 518 612 675 698 699 0
0 101 132 171 389 667 622 620 447 0
0 34 127 169 682 294 665 417 0
0 12 118 305 379 434 435 537 0
0 62 188 585 608 0
0 26 42 76 214 253 275 511 484 372 661 672 0
0 133 172 238 361 373 481 553 599 0
0 25 116 180 232 349 370 415 418 492 542 583 642 689 0
0 48 126 260 333 442 450 633 0
0 221 242 266 287 313 366 397 451 500 559 574 590 0
0 36 53 54 85 267 392 408 641 0
0 61 211 280 307 335 348 501 510 595 652 0
0 164 516 197 309 319 589 666 671 0
0 195 371 378 469 555 557 584 649 692 0
0 364 346 320 273 210 135 405 410 530 662 670 0
0 394 359 311 301 235 131 46 11 439 493 0
0 8 151 302 193 424 504 632 658 0
0 321 480 637 635 0
0 18 59 78 152 255 323 354 421 422 588 580 568 517 591 0
0 9 103 112 179 257 324 351 369 386 403 443 0
0 15 175 64 416 623 0
0 17 38 71 170 166 222 550 629 639 0
0 39 308 395 414 429 430 551 575 0
0 70 92 134 140 229 240 367 393 437 0
0 522 592 624 47 96 695 158 176 237 312 363 526 457 496 377 368 541 0
0 2 65 144 278 283 391 565 577 677 0
0 7 24 74 93 160 186 202 249 292 353 401 594 625 654 673 0
0 50 55 94 263 268 316 376 475 205 203 198 182 566 610 680 684 0
0 73 86 157 163 185 247 318 445 603 582 489 696 0
