Objective value: 17882
Running time 460.24138593673706
Solution
0 97 120 286 305 379 403 477 491 514 625 659 681 710 793 822 833 863 869 887 0
0 62 131 192 210 279 316 346 353 411 421 482 502 515 547 596 628 652 697 735 752 790 819 917 927 969 0
0 75 79 113 116 135 206 253 271 359 361 409 487 506 523 678 698 702 831 874 910 931 982 0
0 29 236 247 396 495 504 729 761 779 896 944 949 993 0
0 90 158 257 306 329 376 414 484 494 522 533 542 577 581 610 703 773 774 837 915 928 933 958 970 983 991 0
0 22 258 290 330 380 395 546 573 578 587 617 763 776 783 794 799 832 884 955 0
0 191 209 273 390 469 505 510 590 606 717 934 980 0
0 4 17 59 61 71 157 181 200 219 251 265 287 410 516 552 745 760 785 851 890 961 0
0 6 25 54 68 99 100 154 215 272 292 308 317 319 337 382 529 600 615 636 687 742 806 811 899 938 950 952 973 0
0 8 42 57 72 109 153 259 294 313 358 408 479 493 530 609 689 769 804 818 883 935 936 945 996 0
0 103 108 164 289 299 440 525 661 663 743 751 781 817 865 0
0 11 16 74 84 255 389 407 464 485 513 557 582 592 622 649 673 694 730 805 930 0
0 151 183 307 462 463 476 483 531 575 770 843 850 858 900 922 0
0 31 112 160 170 197 228 367 388 431 448 532 668 718 744 829 880 0
0 1 92 152 178 243 304 535 554 569 605 613 631 644 658 669 670 708 803 943 0
0 83 86 114 172 187 196 350 398 412 423 468 520 526 571 591 634 640 647 675 715 738 925 941 1000 0
0 3 7 41 78 195 270 332 365 387 391 433 457 486 490 567 688 700 706 709 725 755 782 902 951 0
0 10 20 24 141 161 229 267 325 351 402 415 432 521 855 947 989 0
0 23 60 98 302 323 334 348 357 603 604 711 777 838 859 956 0
0 65 159 201 203 237 386 544 672 734 778 846 857 871 926 0
0 27 93 140 169 180 208 244 288 291 341 393 424 539 545 549 584 607 637 914 946 0
0 37 55 207 213 214 220 226 240 249 349 355 426 503 595 680 699 719 723 724 754 826 852 861 998 0
0 18 36 52 64 129 173 340 344 362 450 536 555 561 648 665 690 797 918 921 929 937 990 0
0 21 101 102 124 147 190 227 241 309 328 364 425 444 445 519 538 559 614 650 693 695 898 0
0 28 32 76 127 139 182 186 303 452 453 470 500 593 653 722 816 965 995 0
0 117 360 394 422 435 442 481 598 601 611 643 784 807 878 894 968 979 0
0 94 118 138 216 264 268 374 413 441 471 632 696 705 736 823 853 877 893 923 924 960 0
0 38 45 48 89 110 184 231 232 280 354 356 405 512 589 664 684 795 825 957 966 0
0 39 81 104 144 218 224 235 315 342 375 430 586 642 809 839 866 879 994 0
0 91 126 211 238 256 263 459 511 540 566 646 677 704 767 860 891 911 916 942 948 0
0 50 111 125 150 171 248 269 657 716 731 737 758 787 796 841 856 954 999 0
0 44 143 230 274 275 310 570 616 701 764 780 791 847 901 959 985 997 0
0 34 177 212 331 347 378 447 480 518 602 626 739 750 762 977 0
0 136 165 217 233 370 381 418 449 576 579 627 662 740 766 789 872 882 0
0 43 162 166 176 277 281 320 327 384 401 416 428 508 562 656 660 692 713 873 875 992 0
0 51 88 107 133 222 301 385 437 488 509 528 585 621 633 638 639 674 748 753 768 792 798 801 802 815 835 848 897 984 0
0 119 134 260 326 369 438 446 655 707 775 904 962 0
0 9 73 85 250 252 262 282 285 318 451 455 524 560 588 597 679 733 834 854 889 908 986 988 0
0 12 82 149 167 188 194 225 345 377 397 458 475 501 747 772 808 810 812 814 845 912 975 0
0 35 49 56 58 69 105 234 276 284 372 499 564 583 608 728 813 862 864 867 876 972 0
0 95 122 145 168 174 202 254 324 333 352 417 461 466 467 474 492 550 551 553 558 612 623 651 666 686 830 868 963 0
0 77 128 295 298 312 314 322 383 419 454 489 498 517 548 563 629 671 683 820 824 885 920 939 976 0
0 5 15 63 67 87 146 148 205 221 400 465 473 619 624 645 759 765 788 892 906 932 974 0
0 13 14 19 26 47 66 199 245 278 338 392 443 460 497 714 840 907 981 0
0 70 179 242 296 336 368 478 543 568 635 682 691 712 786 800 821 886 903 964 978 0
0 132 137 163 339 420 427 436 507 534 572 749 836 842 895 967 0
0 96 106 121 175 185 189 261 283 311 363 404 434 456 565 618 620 641 685 726 771 844 913 0
0 53 115 123 193 198 204 239 293 297 472 541 574 580 599 654 667 720 721 732 827 870 888 940 971 0
0 30 33 40 80 156 246 300 321 343 366 373 496 727 849 919 953 0
0 2 46 130 142 155 223 266 335 371 399 406 429 439 527 537 556 594 630 676 741 746 756 757 828 881 905 909 987 0
