Objective value: 9412
Running time 389.1226804256439
Solution
0 18 135 170 214 218 227 412 399 274 458 0
0 45 79 99 337 317 277 386 188 205 268 453 466 0
0 44 82 134 194 236 244 270 276 295 299 305 325 368 497 0
0 27 67 210 186 184 139 131 87 257 275 346 0
0 10 138 355 352 301 283 146 416 429 432 207 0
0 68 107 122 160 235 288 465 415 340 0
0 6 58 111 142 144 361 324 265 246 238 167 0
0 391 437 479 0
0 43 77 128 171 252 279 293 434 469 491 0
0 14 47 55 110 136 166 192 223 253 254 338 383 406 420 489 0
0 33 296 423 472 0
0 487 460 418 230 76 492 0
0 38 151 137 132 229 95 266 271 332 357 431 439 248 0
0 468 395 326 52 9 0
0 109 374 470 165 237 0
0 7 19 60 121 150 162 222 417 264 234 473 500 0
0 85 100 105 190 267 306 316 328 490 444 400 0
0 51 173 208 330 446 433 353 0
0 178 313 413 380 424 471 0
0 98 172 199 224 272 281 285 375 409 477 480 485 0
0 12 16 440 117 126 141 382 384 419 438 448 447 493 0
0 11 108 140 179 193 204 212 240 263 290 350 0
0 97 213 280 308 333 385 0
0 2 34 37 103 113 196 211 436 408 364 451 455 0
0 1 56 118 180 482 203 407 392 373 312 259 0
0 54 114 153 185 195 228 239 245 371 366 398 476 0
0 22 39 61 78 93 181 202 303 307 363 442 463 0
0 3 75 104 197 183 158 116 220 322 345 0
0 35 80 94 302 300 215 201 191 154 351 467 494 0
0 28 63 74 81 83 498 370 426 297 0
0 125 273 152 378 484 72 430 53 387 0
0 145 149 445 401 342 323 292 258 449 0
0 159 148 40 331 376 381 425 0
0 4 20 36 71 91 396 441 456 483 0
0 23 84 216 410 394 379 64 70 86 124 133 232 155 255 282 0
0 17 315 287 256 226 200 168 143 119 69 62 372 421 443 0
0 112 127 161 219 175 284 341 344 347 405 422 481 495 0
0 96 217 461 0
0 32 48 59 157 221 233 278 327 349 488 496 0
0 129 189 206 339 427 356 390 0
0 31 123 176 243 251 457 0
0 50 115 247 291 343 464 0
0 24 15 269 187 177 102 336 0
0 46 169 198 209 249 262 310 314 414 454 478 499 0
0 66 367 354 335 318 294 452 0
0 49 163 174 320 321 348 359 360 365 377 462 0
0 286 261 260 250 147 21 30 88 101 120 5 319 334 404 474 475 486 0
0 403 25 57 65 90 130 231 298 362 389 459 0
0 41 89 92 164 242 309 289 311 329 369 402 411 428 435 450 0
0 8 13 26 29 42 73 106 156 182 225 241 304 358 388 397 393 0
