Objective value: 19132
Running time 522.9012887477875
Solution
0 1 4 19 32 46 52 66 91 434 402 385 373 365 322 297 286 269 237 111 150 167 228 441 0
0 7 27 33 416 404 383 382 371 358 350 287 279 253 244 227 206 189 187 134 102 87 86 82 62 40 472 489 18 0
0 17 61 71 81 154 144 401 342 139 114 97 156 369 361 352 316 308 292 263 252 176 411 412 420 423 202 0
0 11 34 107 122 142 178 204 221 217 271 288 315 324 335 353 400 452 430 453 463 468 471 496 0
0 21 305 325 330 43 56 384 394 290 258 214 210 160 158 149 106 78 64 326 413 448 474 477 0
0 273 466 442 357 432 341 329 302 3 109 165 177 183 205 245 469 480 492 0
0 26 35 47 49 89 119 125 174 487 485 467 447 424 419 415 277 278 309 339 392 268 255 250 243 233 226 490 2 0
0 5 15 90 93 115 120 137 169 172 175 196 307 323 327 354 381 426 470 491 493 495 67 54 53 37 0
0 38 94 99 108 136 168 171 211 249 266 349 414 427 436 454 473 484 0
0 9 124 113 59 132 151 159 193 201 215 223 276 313 314 328 338 351 370 393 398 406 428 429 431 461 464 465 479 0
0 12 20 23 30 74 95 121 127 128 131 146 148 186 188 198 259 274 284 294 299 348 363 378 391 0
0 310 336 403 397 395 359 346 344 265 260 213 209 200 181 166 153 118 117 96 72 48 28 409 481 497 0
0 16 29 76 85 103 110 112 129 130 155 162 173 219 224 225 238 240 246 199 230 332 345 306 312 333 377 388 405 407 418 456 0
0 22 41 51 77 98 104 126 135 170 184 192 216 239 257 289 304 311 376 116 408 433 449 457 458 459 475 486 488 498 272 0
0 6 195 207 220 367 360 340 334 10 123 50 152 347 296 293 283 222 191 387 437 438 0
0 42 60 285 275 482 478 476 445 256 242 439 435 422 372 318 65 69 73 79 147 185 229 483 0
0 84 92 100 138 140 143 164 179 180 232 235 248 251 317 298 282 281 270 264 262 319 337 356 368 380 386 390 450 500 0
0 25 55 63 70 83 8 36 68 75 218 231 234 247 261 267 280 161 145 212 208 163 355 362 343 364 389 421 443 444 451 499 254 0
0 13 14 31 203 190 182 105 101 88 58 57 44 39 236 295 300 396 366 374 375 331 462 460 455 425 399 494 0
0 24 45 440 303 320 321 80 446 133 141 157 194 197 241 291 301 417 410 379 0
