Objective value: 4457
Running time 359.94730043411255
Solution
0 8 28 55 103 130 179 200 35 0
0 52 80 0
0 177 182 0
0 2 10 32 53 140 145 0
0 37 156 185 0
0 33 94 127 160 170 175 0
0 65 92 132 150 0
0 72 122 0
0 71 88 90 131 129 0
0 27 41 85 164 166 192 1 0
0 16 19 86 75 121 197 0
0 3 39 105 112 0
0 57 97 144 186 0
0 30 38 159 187 0
0 18 31 50 77 106 138 0
0 63 79 100 152 195 0
0 29 117 149 153 189 0
0 22 98 45 0
0 60 73 0
0 6 47 61 91 146 154 0
0 43 101 124 198 0
0 11 26 67 74 84 191 0
0 126 25 0
0 95 193 0
0 51 104 133 181 0
0 13 171 180 0
0 70 83 89 108 142 0
0 134 173 0
0 24 109 118 167 0
0 46 54 58 116 178 0
0 119 137 174 188 0
0 66 113 123 141 158 176 190 0
0 99 0
0 82 0
0 5 56 162 59 0
0 17 147 49 0
0 48 78 96 0
0 110 125 199 0
0 7 9 0
0 12 81 111 169 0
0 21 139 76 34 157 0
0 64 93 120 148 172 183 0
0 87 163 196 0
0 14 62 107 0
0 42 44 194 0
0 102 155 0
0 40 114 115 143 165 0
0 20 23 128 151 161 0
0 69 36 15 4 136 168 0
0 68 135 184 0
