Objective value: 13306
Running time 346.036869764328
Solution
0 116 197 251 301 317 325 386 505 526 550 580 593 656 695 0
0 69 106 111 257 347 626 634 0
0 80 81 84 92 147 261 493 541 572 587 633 639 654 675 0
0 48 93 156 206 208 209 315 319 392 564 647 0
0 105 149 166 200 383 400 428 430 483 530 672 0
0 2 338 364 394 419 449 569 607 625 643 0
0 30 50 104 212 342 445 471 520 691 0
0 151 164 184 185 236 238 262 348 373 385 484 486 517 581 584 638 657 661 670 682 0
0 16 264 286 390 405 501 606 663 667 678 689 0
0 168 497 529 561 571 683 685 0
0 39 123 170 201 242 249 280 343 363 432 446 494 585 0
0 72 121 198 282 344 388 397 431 537 543 598 669 0
0 33 42 134 139 180 191 210 263 384 447 463 522 600 623 0
0 15 41 45 62 82 127 131 182 298 435 438 443 479 481 498 504 612 617 619 0
0 19 29 85 87 117 129 183 382 441 469 478 573 586 602 631 642 0
0 79 91 96 125 141 145 159 387 413 440 462 467 0
0 76 171 252 333 371 378 451 458 544 565 630 687 0
0 64 110 133 161 169 290 336 353 367 409 436 444 549 611 618 0
0 49 71 157 178 214 227 235 244 362 401 402 457 475 583 590 622 629 649 652 0
0 4 40 59 115 369 407 412 641 680 690 0
0 65 77 245 273 300 340 356 361 375 503 524 542 554 576 659 0
0 12 32 86 207 276 288 332 339 410 459 466 651 700 0
0 31 54 56 102 220 248 359 408 429 434 470 531 566 0
0 47 144 153 258 266 423 453 620 621 692 0
0 13 118 126 146 163 172 192 225 284 318 411 414 532 574 655 664 0
0 21 135 142 255 275 337 381 391 512 547 592 627 635 671 694 697 0
0 3 90 136 314 370 439 681 0
0 24 140 176 247 295 323 341 365 502 577 0
0 61 67 68 130 269 308 320 368 487 492 496 558 599 614 624 696 0
0 25 28 83 99 120 196 205 229 321 346 442 460 477 500 510 546 559 0
0 34 51 53 173 232 241 297 328 331 399 464 610 628 636 645 0
0 128 303 316 334 418 450 527 646 699 0
0 43 57 66 75 272 277 281 283 291 302 404 421 437 534 538 588 604 613 0
0 143 165 324 330 350 468 474 509 579 640 650 658 662 693 0
0 10 63 100 154 189 213 219 224 243 265 268 311 351 393 396 485 514 551 589 665 0
0 9 55 78 88 109 179 193 230 239 259 305 309 354 603 0
0 160 187 188 215 233 260 270 329 398 416 422 433 499 562 591 595 684 0
0 18 37 52 95 114 211 222 355 389 425 427 516 525 539 557 560 0
0 8 74 89 98 279 313 366 379 556 0
0 94 132 152 175 246 250 253 285 304 454 465 491 508 518 686 0
0 7 35 137 138 155 158 278 380 448 507 540 567 570 594 615 653 666 677 0
0 38 46 124 218 231 357 372 376 377 417 637 644 674 0
0 1 5 36 112 202 221 294 403 420 426 482 515 548 555 568 676 0
0 6 22 73 174 190 204 299 326 374 406 415 472 533 536 553 596 616 688 0
0 14 27 108 177 186 199 228 256 274 360 461 495 511 535 698 0
0 195 296 473 480 488 575 605 660 668 0
0 44 70 101 113 119 122 217 254 271 289 335 349 395 452 456 513 519 528 578 601 609 632 679 0
0 20 23 107 181 234 237 240 287 312 322 476 521 545 552 608 648 0
0 11 26 58 60 103 148 194 203 307 345 352 455 490 523 563 582 0
0 17 97 150 162 167 216 223 226 267 292 293 306 310 327 358 424 489 506 597 673 0
