start
/kaggle/input/tulkh-data/data_5_3.txt
50.64288306236267
0: [4, 5]
1: [2]
2: [1, 3]
total time:983
/kaggle/input/tulkh-data/data_5_2.txt
47.49956464767456
0: [2, 1]
1: [3, 4, 5]
total time:1655
/kaggle/input/tulkh-data/data_10_3.txt
52.472450971603394
0: [2, 6, 8]
1: [5, 4, 3, 1]
2: [7, 9, 10]
total time:2299
/kaggle/input/tulkh-data/data_10_2.txt
48.38423705101013
0: [2, 9, 6, 10, 8]
1: [1, 5, 3, 7, 4]
total time:3305
/kaggle/input/tulkh-data/data_10_5.txt
58.17471790313721
0: [9, 1]
1: [5, 10]
2: [4, 3]
3: [6]
4: [7, 8, 2]
total time:1533
/kaggle/input/tulkh-data/data_20_3.txt
53.81511378288269
0: [3, 18, 8, 20, 11, 1, 5, 14]
1: [6, 16, 4, 9, 17, 12, 2]
2: [13, 19, 10, 7, 15]
total time:3746
/kaggle/input/tulkh-data/data_20_10.txt
75.3667688369751
0: [8, 17]
1: [5, 1]
2: [2, 14]
3: [7, 20]
4: [13, 15]
5: [10]
6: [19, 4, 18]
7: [6]
8: [16, 11]
9: [9, 12, 3]
total time:1386
/kaggle/input/tulkh-data/data_20_7.txt
67.78057098388672
0: [13, 16, 5]
1: [8, 19, 18]
2: [3, 10]
3: [20, 6, 4]
4: [7, 12, 15]
5: [9, 14]
6: [11, 1, 2, 17]
total time:2145
/kaggle/input/tulkh-data/data_20_5.txt
62.92272162437439
0: [15, 10, 12, 5]
1: [2, 11, 18, 19, 13]
2: [17, 7, 20, 1]
3: [6, 4, 16]
4: [9, 3, 8, 14]
total time:2497
/kaggle/input/tulkh-data/data_50_7.txt
74.21296453475952
0: [38, 30, 11, 1, 17, 26, 49]
1: [2, 15, 48, 44, 25, 47, 29]
2: [35, 46, 7, 20, 31, 9, 40, 39]
3: [28, 18, 42, 16, 5, 19, 43]
4: [12, 41, 34, 8, 4, 50, 3, 36]
5: [23, 13, 37, 10, 27, 21, 22]
6: [32, 6, 33, 45, 14, 24]
total time:5173
/kaggle/input/tulkh-data/data_50_5.txt
67.72216320037842
0: [12, 22, 41, 31, 5, 13, 14, 21, 24]
1: [23, 4, 18, 16, 39, 32, 15, 1, 37, 44]
2: [45, 40, 38, 47, 50, 46, 10, 9, 26, 29]
3: [17, 2, 8, 36, 27, 48, 28, 34, 6, 42]
4: [35, 20, 7, 43, 19, 3, 25, 33, 11, 49, 30]
total time:5873
/kaggle/input/tulkh-data/data_50_20.txt
112.81721138954163
0: [17, 30, 28]
1: [40, 19, 46, 38, 1]
2: [5, 27]
3: [25, 26]
4: [32, 50]
5: [35, 24]
6: [42, 47]
7: [6, 44, 7]
8: [22, 21, 9]
9: [33, 41]
10: [49, 29]
11: [4, 18, 31]
12: [16]
13: [37, 48]
14: [3, 8]
15: [43, 10, 34]
16: [23, 11]
17: [12, 36, 45, 14]
18: [20, 39, 13]
19: [2, 15]
total time:1934
/kaggle/input/tulkh-data/data_50_10.txt
82.67816495895386
0: [32, 22, 43, 35]
1: [40, 33, 38, 46, 30, 9]
2: [34, 41, 2, 21, 47, 18]
3: [3, 31, 5, 24, 16]
4: [19, 1, 10, 45, 6, 8]
5: [17, 44, 25, 14, 27]
6: [28, 15, 37, 49, 42]
7: [36, 13, 20, 29]
8: [11, 4, 7, 12]
9: [26, 23, 39, 50, 48]
total time:3648
/kaggle/input/tulkh-data/data_50_25.txt
121.72503781318665
0: [41, 45]
1: [2, 22]
2: [6, 28]
3: [24, 36, 44]
4: [33]
5: [16, 34]
6: [7, 15]
7: [4, 1]
8: [21, 42]
9: [14, 30, 46]
10: [20, 32]
11: [27, 18]
12: [49, 8, 11]
13: [12, 38]
14: [39]
15: [48, 29, 9]
16: [37, 25, 40]
17: [47, 17]
18: [5, 43]
19: [50, 31]
20: []
21: [23, 13]
22: [35, 26]
23: [19]
24: [3, 10]
total time:1753
/kaggle/input/tulkh-data/data_500_20.txt
276.6334171295166
0: [71, 289, 330, 240, 213, 400, 233, 105, 111, 267, 300, 360, 55, 310, 406, 479, 437, 356, 85, 281, 429, 38, 445, 146, 456]
1: [152, 45, 188, 102, 324, 351, 252, 316, 451, 489, 341, 377, 172, 309, 203, 336, 484, 334, 495, 391, 92, 3, 361, 408, 224, 431, 378]
2: [457, 288, 173, 282, 491, 137, 88, 119, 89, 207, 32, 28, 258, 48, 184, 411, 190, 245, 314, 397, 205, 473, 212, 338, 62, 90, 211]
3: [196, 195, 221, 442, 387, 121, 448, 67, 293, 161, 135, 474, 395, 70, 435, 304, 6, 198, 16, 296, 335, 367]
4: [460, 278, 337, 441, 13, 239, 243, 164, 174, 317, 41, 493, 91, 375, 263, 4, 269, 236, 199, 297, 318, 153, 333, 192]
5: [162, 268, 253, 54, 17, 73, 496, 115, 413, 138, 308, 323, 42, 66, 169, 142, 257, 428, 226, 363, 64, 254, 284, 285]
6: [329, 419, 452, 114, 301, 193, 107, 24, 490, 271, 446, 415, 298, 68, 215, 340, 459, 181, 43, 202]
7: [404, 186, 58, 287, 72, 472, 97, 56, 2, 348, 155, 128, 347, 234, 39, 311, 176, 342, 44, 384, 385]
8: [175, 256, 209, 420, 328, 217, 27, 201, 398, 469, 321, 468, 232, 23, 299, 8, 371, 476, 272, 112, 189, 235, 453, 147, 179, 227, 11, 295, 103, 214, 434]
9: [492, 12, 319, 228, 33, 261, 210, 275, 362, 22, 182, 185, 51, 148, 276, 231, 332, 450, 86, 145, 52, 370, 483, 129, 294, 166, 339, 110, 126]
10: [47, 141, 29, 183, 108, 364, 436, 260, 277, 165, 14, 343, 140, 116, 407, 422, 26, 488, 463, 416, 133, 247]
11: [423, 249, 200, 498, 345, 206, 36, 139, 357, 494, 467, 266, 113, 366, 485, 274, 346, 154, 292, 7, 127, 136, 430, 87, 94, 104, 425, 100, 177]
12: [280, 75, 344, 242, 34, 439, 180, 462, 455, 79, 101, 106, 168, 369, 250, 76, 81, 499, 320, 132, 349, 61, 432, 248, 374, 194, 31]
13: [306, 144, 303, 305, 440, 130, 15, 401, 355, 120, 273, 464, 405, 418, 478, 331, 424, 118, 382, 216, 159, 353, 376, 390]
14: [220, 30, 480, 302, 265, 487, 208, 283, 414, 471, 225, 222, 19, 50, 244, 380, 84, 286, 354, 264, 497, 204, 117]
15: [326, 93, 134, 98, 122, 156, 368, 359, 197, 77, 82, 381, 433, 46, 259, 37, 322, 131, 158, 57, 477, 270, 160, 167, 290, 412]
16: [149, 449, 402, 223, 358, 373, 123, 481, 237, 65, 96, 372, 410, 60, 327, 18, 1, 59, 386, 125, 124, 389, 191, 388, 157, 403, 500]
17: [313, 443, 255, 170, 229, 143, 461, 393, 307, 312, 74, 279, 246, 470, 427, 444, 21, 447, 438, 475]
18: [5, 10, 171, 350, 482, 69, 392, 396, 394, 25, 219, 80, 78, 365, 262, 409, 95, 291, 109, 454, 426, 53, 63, 99, 325, 466]
19: [187, 486, 379, 151, 9, 163, 230, 150, 40, 352, 20, 238, 178, 421, 251, 383, 241, 315, 83, 399, 35, 458, 417, 465, 218, 49]
total time:16616
/kaggle/input/tulkh-data/data_100_50.txt
204.00956225395203
0: [92, 50, 97]
1: [26, 67]
2: [78, 57, 20]
3: [94]
4: [68, 79]
5: [43, 40, 19]
6: [98, 80]
7: [96]
8: [14, 84]
9: [59, 91, 35]
10: [65, 83]
11: [71]
12: [75]
13: [32, 28]
14: [41, 31]
15: [34, 46]
16: [8, 63, 24]
17: [3, 77]
18: [39, 73]
19: []
20: [60]
21: [12, 85, 81, 54]
22: []
23: [95, 37, 82]
24: [42]
25: [64, 62]
26: [45, 90, 99]
27: [47, 48, 44]
28: [66]
29: [4]
30: [30]
31: [6, 21]
32: [88, 69]
33: [18, 72]
34: [100, 36, 16]
35: [25, 61, 49]
36: [89]
37: [52, 70]
38: [38, 13]
39: [7, 53, 33]
40: [10, 5, 55]
41: [22, 23]
42: [15]
43: [93, 87]
44: [17, 9, 51]
45: [11]
46: [1, 86, 74]
47: [27, 76]
48: [58, 56]
49: [29, 2]
total time:1851
/kaggle/input/tulkh-data/data_200_20.txt
159.84570598602295
0: [10, 155, 98, 173, 43, 89, 19, 121, 136, 179]
1: [25, 41, 187, 99, 82, 154, 137, 65, 23]
2: [51, 28, 142, 48, 31, 101, 70, 77, 192, 106, 194]
3: [47, 18, 32, 1, 35, 118, 114, 134, 3, 149, 16]
4: [184, 119, 177, 131, 160, 78, 143, 91]
5: [105, 92, 59, 107, 52, 153, 14, 94, 85, 161]
6: [56, 38, 97, 36, 73, 103, 198, 76, 5]
7: [75, 126, 57, 140, 157, 7, 74]
8: [17, 13, 135, 111, 165, 197, 147, 164, 96]
9: [68, 66, 123, 151, 58, 141, 69, 124]
10: [139, 60, 15, 80, 71, 125, 40, 34, 104]
11: [24, 30, 86, 148, 150, 93, 37, 42, 132, 11, 159, 81]
12: [193, 22, 152, 50, 138, 196, 87, 95, 27, 112]
13: [172, 166, 178, 120, 183, 175, 185, 109, 33, 55, 49, 145]
14: [26, 129, 122, 182, 174, 162, 39, 115, 113, 88, 146]
15: [84, 167, 83, 188, 100, 79, 158, 29, 102, 190, 62]
16: [168, 20, 63, 133, 127, 191, 176, 156, 116, 53]
17: [189, 4, 45, 9, 90, 200, 67, 8, 170, 144, 128]
18: [163, 171, 130, 195, 64, 181, 72, 108, 6, 186]
19: [21, 2, 61, 199, 44, 169, 54, 110, 180, 12, 46, 117]
total time:6913
/kaggle/input/tulkh-data/data_100_10.txt
97.59453248977661
0: [18, 57, 92, 56, 100, 45, 59, 53, 88, 69, 77]
1: [79, 19, 15, 81, 39, 44, 1, 48, 35, 38]
2: [93, 5, 78, 49, 55, 66, 62, 51, 7, 90, 96]
3: [17, 86, 37, 22, 65, 58, 9, 12, 2]
4: [61, 26, 72, 14, 30, 4, 34, 68, 80, 3]
5: [74, 89, 73, 10, 47, 60, 42, 6]
6: [91, 95, 36, 33, 16, 85, 8, 64, 13, 71, 23]
7: [40, 84, 43, 29, 27, 41, 67, 24, 99, 76, 75]
8: [20, 46, 52, 70, 87, 21, 50, 54, 82]
9: [25, 32, 31, 11, 28, 83, 63, 97, 98, 94]
total time:6180
/kaggle/input/tulkh-data/data_700_70.txt
485.46728253364563
0: [436, 102, 317, 617, 409, 334, 439, 231, 544]
1: [500, 524, 232, 157, 109, 358, 393, 397, 65, 252, 149, 128, 56]
2: [179, 143, 468, 539, 292, 306, 113, 94, 322, 470, 106]
3: [407, 541, 91, 309, 448, 569, 410, 170]
4: [43, 680, 651, 459, 630, 9, 599, 635, 333, 694]
5: [606, 405, 505, 428, 58, 5, 60, 318, 460, 449]
6: [684, 400, 76, 61, 584, 40, 548, 359, 625, 528]
7: [222, 168, 72, 127, 183, 571, 681, 197, 225, 209, 612, 517]
8: [11, 514, 96, 156, 214, 641, 381, 176, 692]
9: [88, 673, 632, 145, 187, 579, 297, 257, 291, 268, 444]
10: [112, 100, 290, 98, 564, 372, 300, 329, 647, 37, 84, 116, 423]
11: [48, 33, 285, 357, 242, 658, 255]
12: [408, 674, 348, 465, 44, 119, 110, 488, 336]
13: [366, 218, 34, 216, 431, 638, 587, 495]
14: [623, 605, 55, 634, 458, 41, 208, 678, 496, 283]
15: [536, 332, 367, 425, 507, 624, 90, 172]
16: [69, 568, 22, 307, 77, 341, 385, 645, 281, 582, 298]
17: [353, 362, 437, 570, 430, 104, 312, 245, 621]
18: [402, 346, 665, 284, 148, 80, 50, 129]
19: [120, 272, 338, 510, 533, 577, 602, 453, 469, 335, 390]
20: [288, 551, 620, 180, 239, 540, 438, 552, 251, 249]
21: [657, 53, 99, 497, 202, 461, 484, 689, 633, 595, 388, 420]
22: [563, 650, 66, 167, 200, 339, 355, 186, 181, 286, 316, 531, 394]
23: [57, 670, 688, 263, 293, 360, 70, 229, 518, 294, 572]
24: [30, 178, 376, 375, 380, 237, 648, 134, 147, 653, 628]
25: [234, 557, 117, 59, 384, 501, 279, 107]
26: [411, 105, 640, 349, 217, 264, 227, 230, 553, 364]
27: [588, 652, 311, 165, 608, 479, 3, 664, 121, 622]
28: [136, 92, 585, 416, 493, 74, 683]
29: [85, 532, 144, 549, 636, 503, 432, 697, 690, 140, 429, 205]
30: [382, 213, 63, 519, 686, 576, 340, 361, 250]
31: [265, 659, 542, 676, 122, 188, 350, 198, 330, 603]
32: [207, 82, 498, 95, 396, 467, 166, 363, 419, 426, 475, 352, 20, 450]
33: [161, 506, 668, 480, 328, 301, 378, 478, 173]
34: [310, 108, 565, 477, 629, 611, 308, 476]
35: [62, 193, 427, 196, 695, 71, 373, 51]
36: [24, 637, 114, 115, 502, 215, 619, 97, 559, 277, 47, 604, 236]
37: [583, 52, 471, 295, 370, 152, 435, 499, 682, 258]
38: [525, 21, 321, 18, 356, 547, 192, 529, 182, 151, 699, 133]
39: [125, 199, 422, 406, 221, 174, 365, 489, 10]
40: [417, 700, 575, 666, 451, 562, 93]
41: [131, 511, 150, 175, 387, 508, 243, 235, 344]
42: [177, 457, 600, 586, 567, 371, 240, 139, 550, 607, 343, 433]
43: [434, 441, 472, 598, 521, 560, 1, 597]
44: [386, 443, 424, 36, 7, 26, 537, 248, 42, 591, 103]
45: [483, 615, 463, 345, 146, 32, 154, 276, 219, 554, 101]
46: [660, 325, 68, 515, 314, 256, 644, 253, 596]
47: [224, 275, 520, 138]
48: [190, 273, 462, 23, 203, 262, 590, 35]
49: [171, 135, 194, 123, 233, 687, 299, 287, 210]
50: [368, 639, 64, 204, 246, 211, 545, 87, 626, 642, 492]
51: [315, 391, 369, 613, 244, 512, 646, 327, 454, 377, 609, 685]
52: [675, 4, 326, 126, 614, 159, 270, 302, 319, 487]
53: [398, 392, 662, 158, 573, 530, 601, 132, 649, 247, 162]
54: [19, 490, 594, 389, 415, 593, 2, 491]
55: [581, 395, 354, 13, 574, 509, 164, 266, 226, 28, 86]
56: [155, 616, 580, 578, 543, 73, 303, 206, 654, 323, 631]
57: [137, 589, 456, 627, 282, 399, 486, 223, 31, 383, 401, 561]
58: [271, 566, 163, 296, 466, 189, 81, 228, 661, 679]
59: [413, 347, 494, 522, 671, 16, 447, 17, 274, 124, 656, 379]
60: [555, 667, 527, 278, 374, 546, 15, 304, 45, 696, 75, 655]
61: [485, 403, 693, 313, 412, 201, 538, 195, 455, 464, 672, 337]
62: [331, 592, 29, 534, 677, 473, 523, 643, 342]
63: [46, 351, 260, 160, 663, 481, 404]
64: [191, 504, 516, 49, 526, 414, 305, 14, 169, 698]
65: [153, 12, 38, 184, 220, 446, 558, 556, 535, 421, 324]
66: [259, 8, 25, 78, 261, 27, 418, 269, 474, 142, 185, 141]
67: [618, 280, 610, 67, 440, 320, 83]
68: [39, 6, 130, 111, 89, 238, 452, 442, 267, 212]
69: [241, 79, 482, 513, 691, 54, 254, 669, 118, 445, 289]
total time:7608
/kaggle/input/tulkh-data/data_200_50.txt
238.26866269111633
0: [36, 124, 148, 76]
1: [116, 74, 144]
2: [57, 164, 82, 150, 89]
3: [170, 63, 4, 100]
4: [54, 184, 9]
5: [13, 39, 188, 11]
6: [21, 67, 121]
7: [134, 176, 53, 90]
8: [140, 26, 12, 49, 200]
9: [52, 126, 56, 10]
10: [65, 160]
11: [58, 145, 29, 195]
12: [178, 167, 163, 85]
13: [64, 182, 146, 81]
14: [99, 180]
15: [149, 66, 79]
16: [94, 112, 23, 45, 183]
17: [142, 98, 191, 46, 166]
18: [80, 14, 132]
19: [171, 86, 2, 198, 55]
20: [5, 185, 78, 97]
21: [162, 169, 118]
22: [69, 18]
23: [168, 109, 127, 119]
24: [129, 165, 113, 181, 50]
25: [106, 93, 154, 131, 24]
26: [17, 192, 33, 42]
27: [199, 152, 120, 31, 27]
28: [70, 20, 151]
29: [34, 135, 16]
30: [37, 19, 8, 104, 190]
31: [95]
32: [91, 88, 156, 1, 92]
33: [47, 101, 84, 40, 158]
34: [193, 15, 75, 122]
35: [30, 73, 186, 102, 103]
36: [22, 6, 133]
37: [77, 62, 174]
38: [130, 3, 196, 28, 137]
39: [173, 44, 25, 35, 83, 172]
40: [179, 138, 153, 43, 194]
41: [105, 60, 159]
42: [48, 38, 51, 189, 7]
43: [87, 111, 177, 143]
44: [41, 59, 107]
45: [197, 175, 61, 123, 110, 187]
46: [125, 72, 115, 141]
47: [108, 139, 117, 157]
48: [96, 147, 68, 71, 114]
49: [155, 136, 161, 128, 32]
total time:3444
/kaggle/input/tulkh-data/data_700_50.txt
435.7852613925934
0: [36, 390, 290, 684, 13, 95, 477, 431, 162, 2, 566, 386]
1: [109, 599, 649, 574, 403, 281, 532, 126, 689, 291, 595, 132, 7, 529, 460, 318]
2: [413, 259, 693, 373, 572, 507, 9, 308, 502, 681, 376, 269, 258, 479, 524]
3: [567, 339, 543, 633, 531, 528, 77, 147, 554, 389, 604, 360, 309, 611, 66]
4: [285, 527, 417, 239, 149, 629, 209, 5, 119, 489, 420, 414, 64, 171, 545, 588]
5: [232, 612, 304, 29, 368, 432, 104, 607, 511, 506, 578, 542, 1, 423, 203]
6: [23, 366, 38, 247, 632, 640, 698, 396, 241, 652, 435, 99, 421]
7: [164, 586, 97, 240, 274, 146, 416, 483, 130, 93, 631, 199, 24, 169]
8: [582, 695, 419, 665, 485, 522, 697, 400, 664, 267, 74, 608, 464, 79, 200, 642]
9: [382, 533, 322, 167, 57, 113, 92, 577, 407, 98, 233, 575, 341, 662, 609]
10: [272, 514, 227, 296, 510, 276, 251, 508, 581, 211, 571, 83, 660, 624, 121, 469, 377]
11: [425, 129, 323, 668, 466, 193, 468, 456, 584, 618, 175, 550, 347, 573, 443, 71]
12: [561, 686, 61, 221, 238, 387, 635, 602, 446, 108, 222, 585, 117, 433]
13: [315, 646, 231, 651, 70, 655, 218, 151, 184, 418, 292, 49, 34, 497, 346]
14: [440, 458, 656, 223, 501, 473, 56, 394, 243, 80, 583, 412]
15: [257, 344, 672, 86, 112, 26, 587, 55, 488, 327, 521, 271, 596, 268, 300]
16: [405, 519, 358, 282, 107, 39, 187, 246, 639, 76, 523, 325, 22, 487, 152, 439]
17: [305, 194, 465, 115, 605, 370, 208, 265, 65, 50, 437, 457, 455, 491, 154, 330]
18: [372, 81, 513, 517, 324, 589, 397, 490, 336, 475, 155]
19: [159, 570, 123, 634, 191, 614, 297, 219, 552, 700, 260, 592, 142, 190, 45]
20: [207, 653, 591, 385, 613, 395, 467, 674]
21: [699, 388, 436, 621, 11, 580, 474, 62, 40, 103, 216, 201, 248, 128, 535, 515, 683]
22: [212, 354, 541, 125, 516, 138, 356, 690, 369, 225, 120, 393, 293, 650]
23: [495, 15, 46, 557, 549, 670, 619, 494, 666, 157, 43, 538, 371, 286]
24: [498, 166, 593, 253, 559, 20, 530, 579, 182, 343, 30, 192, 249, 406, 558]
25: [134, 378, 391, 186, 685, 133, 338, 181, 606, 60, 365, 657, 337, 220, 180, 476]
26: [643, 625, 448, 96, 534, 471, 620, 312, 526, 185, 564, 478, 661, 32, 411, 148, 294]
27: [374, 179, 67, 213, 91, 540, 499, 88, 669, 451, 317, 41, 310, 122, 284, 673]
28: [415, 351, 482, 472, 637, 143, 127, 492, 75, 42, 12, 165, 150]
29: [430, 335, 254, 677, 137, 295, 198, 6, 381, 101, 438, 48]
30: [626, 404, 278, 544, 600, 453, 429, 236, 217, 263, 168, 242, 87, 450]
31: [178, 461, 280, 234, 627, 680, 601, 462, 174, 384, 320, 28, 63, 3, 679]
32: [176, 270, 33, 408, 399, 14, 37, 111, 616, 279, 158, 141, 319]
33: [256, 598, 58, 188, 553, 452, 53, 196, 261, 569, 383, 647, 493]
34: [603, 195, 454, 114, 116, 262, 245, 509, 645, 350]
35: [250, 520, 355, 85, 424, 144, 638, 183, 314, 658, 694, 641, 361, 54, 244, 237]
36: [205, 299, 537, 623, 597, 644, 332, 409, 352]
37: [16, 118, 27, 31, 204, 348, 410, 51, 140, 345, 35, 202]
38: [359, 518, 434, 303, 18, 696, 470, 659, 622, 145, 428, 19, 226, 228, 555]
39: [486, 610, 298, 398, 264, 224, 334, 333, 161, 301, 230, 4, 197]
40: [568, 89, 525, 163, 44, 331, 173, 379, 214, 628, 326, 21]
41: [307, 648, 313, 375, 124, 617, 8, 422, 560, 484, 512, 311, 480, 594]
42: [52, 349, 229, 496, 546, 275, 100, 636, 135, 102, 156, 69, 73, 654]
43: [153, 68, 449, 170, 255, 273, 306, 266, 340, 442, 10, 215, 139]
44: [362, 72, 82, 252, 459, 342, 172, 131, 136, 316, 565, 678]
45: [548, 363, 441, 444, 481, 289, 590, 392, 206, 692, 177, 556, 235]
46: [380, 615, 357, 563, 321, 688, 110, 210, 90, 160, 426, 401, 667]
47: [353, 551, 547, 562, 277, 288, 25, 675, 78, 329, 691, 682, 17, 663, 447]
48: [463, 445, 500, 364, 630, 287, 302, 504, 402, 687, 105, 503]
49: [189, 59, 539, 283, 505, 671, 676, 106, 47, 84, 94, 367, 576, 427, 328, 536]
total time:10372
/kaggle/input/tulkh-data/data_500_50.txt
355.8249316215515
0: [23, 256, 75, 65, 57, 405, 251, 361, 324, 253, 28]
1: [273, 183, 491, 35, 500, 54, 379, 195, 372]
2: [325, 18, 212, 64, 368, 396, 209, 323, 53]
3: [82, 179, 217, 4, 223, 276, 436, 39, 415, 105]
4: [46, 16, 308, 331, 480, 158, 87]
5: [392, 224, 219, 496, 363, 83, 49, 297, 175, 497, 77, 38]
6: [36, 70, 328, 373, 492, 358, 136, 248]
7: [466, 137, 119, 350, 447, 306, 134, 142]
8: [15, 143, 304, 170, 62, 326, 95, 294]
9: [404, 302, 322, 112, 420, 423, 427, 474, 178, 246]
10: [151, 291, 148, 476, 145, 21, 135, 31, 490, 384]
11: [330, 387, 489, 216, 341, 12, 48, 109, 99, 486, 275, 413]
12: [301, 418, 3, 446, 255, 298, 344, 194, 315]
13: [268, 115, 113, 208, 59, 14, 319, 377, 52, 478, 406, 188, 225]
14: [138, 479, 74, 132, 282]
15: [382, 278, 198, 56, 477]
16: [343, 267, 73, 397, 388, 157, 202, 271, 160, 168, 235]
17: [482, 206, 264, 428, 416, 11, 395, 260, 163, 146]
18: [5, 213, 173, 333, 130, 440, 410, 2, 89, 197, 171, 181, 193]
19: [190, 335, 43, 185, 419, 300, 85, 277, 47]
20: [123, 494, 37, 495, 280, 295, 468, 125, 439, 128, 354]
21: [221, 227, 1, 463, 445, 32, 450, 92, 107, 22, 104, 452]
22: [152, 455, 166, 285, 393, 84, 390, 13, 303]
23: [172, 220, 309, 100, 215, 345, 247, 243, 58, 443]
24: [464, 237, 234, 66, 312, 493, 398]
25: [355, 391, 162, 127, 451, 316, 139, 383, 412, 210, 444]
26: [90, 108, 386, 462, 101, 10, 364, 44, 417, 129]
27: [17, 483, 111, 289, 79, 116, 349, 346, 241, 460, 61]
28: [347, 20, 184, 266, 407, 155, 352, 311]
29: [263, 356, 254, 424, 296, 334, 342, 110, 233]
30: [286, 50, 314, 189, 376, 186, 318, 6, 192, 147]
31: [68, 165, 288, 348, 385, 196, 232, 176, 262, 272, 425]
32: [154, 240, 394, 305, 7, 380, 93, 207, 242, 337, 441]
33: [180, 365, 187, 114, 24, 403, 122, 470, 317, 431]
34: [389, 360, 214, 292, 63, 140, 284, 200, 467, 430, 321]
35: [27, 126, 411, 438, 118, 133, 45, 150, 339]
36: [218, 310, 211, 270, 371, 55, 159, 96, 261]
37: [106, 226, 76, 378, 121, 488, 469, 448, 367]
38: [33, 357, 307, 290, 374, 481, 103, 458, 229, 30, 485]
39: [19, 29, 201, 456, 472, 399, 40, 408, 359, 78, 293, 449]
40: [320, 98, 141, 94, 442, 453, 167, 287, 269, 422, 156]
41: [42, 258, 169, 26, 313, 257, 498, 81, 401, 409, 230]
42: [177, 149, 265, 97, 9, 244, 433, 259, 161, 8]
43: [69, 465, 250, 25, 369, 236, 499, 426, 182]
44: [327, 457, 231, 432, 332, 245, 238, 153, 239, 281, 71, 329, 67]
45: [252, 72, 164, 88, 353, 102, 120, 454, 366, 283, 124, 471]
46: [434, 51, 370, 174, 117, 131, 351, 375, 340, 459]
47: [299, 199, 60, 249, 484, 461, 80, 91, 144, 222, 274]
48: [362, 421, 437, 338, 429, 41, 86, 191, 203, 205, 414, 475]
49: [228, 402, 279, 473, 400, 381, 34, 435, 487, 336, 204]
total time:7553
/kaggle/input/tulkh-data/data_1000_50.txt
578.3594245910645
0: [352, 742, 213, 428, 985, 195, 623, 249, 846, 209, 52, 907, 595, 868, 276, 740, 928, 657, 682, 180]
1: [712, 545, 619, 135, 809, 533, 247, 3, 789, 578, 701, 51, 752, 972, 722, 854, 736, 869, 461, 455, 391, 133]
2: [665, 208, 93, 953, 396, 58, 380, 534, 424, 840, 520, 528, 19, 861, 399, 686, 129, 989, 726, 170, 976]
3: [452, 293, 24, 899, 186, 970, 475, 647, 951, 947, 728, 282, 984, 201, 956, 283, 673, 805]
4: [786, 744, 437, 429, 656, 557, 908, 833, 191, 324, 546, 274, 275, 610, 225, 22, 354, 484, 574]
5: [85, 469, 86, 222, 993, 523, 539, 190, 599, 819, 886, 296, 988, 511, 310, 662, 730, 138, 962, 212]
6: [937, 336, 245, 346, 666, 780, 45, 945, 60, 684, 709, 506, 385, 848, 967, 177, 949, 681, 468, 440]
7: [631, 55, 971, 952, 596, 317, 328, 145, 415, 61, 202, 824, 315, 565, 363, 206, 378, 171, 264, 445, 670, 320]
8: [2, 221, 262, 232, 857, 435, 597, 981, 362, 91, 407, 782, 214, 755, 847, 398, 56, 306, 267, 465]
9: [997, 775, 159, 914, 939, 794, 387, 518, 460, 494, 446, 641, 255, 299, 239, 525, 322, 14, 768, 116]
10: [394, 830, 152, 183, 695, 756, 895, 529, 188, 21, 223, 629, 258, 30, 383, 220, 876, 487, 27]
11: [224, 986, 218, 20, 687, 500, 560, 25, 228, 305, 515, 66, 552, 141, 630, 312, 259, 332, 281]
12: [488, 542, 959, 798, 650, 392, 261, 485, 537, 316, 243, 357, 806, 793, 948, 101, 667, 35]
13: [185, 181, 992, 16, 102, 150, 818, 572, 13, 645, 609, 184, 42, 144, 580, 796, 160, 842, 233]
14: [934, 57, 559, 779, 706, 29, 297, 644, 192, 834, 855, 178, 538, 729, 522, 614, 553, 64, 301, 257]
15: [215, 874, 244, 626, 459, 108, 358, 748, 836, 77, 766, 932, 900, 727, 457, 5, 253, 898, 339, 420]
16: [356, 915, 935, 371, 516, 697, 707, 517, 118, 313, 334, 414, 321, 527, 231, 913, 637, 23, 374]
17: [471, 199, 790, 878, 205, 841, 570, 573, 482, 175, 176, 961, 418, 616, 463, 579, 410, 443, 158, 825, 852]
18: [969, 714, 8, 123, 156, 735, 400, 474, 290, 812, 157, 820, 370, 838, 71]
19: [889, 369, 344, 791, 995, 495, 323, 760, 151, 41, 974, 653, 734, 120, 811, 375, 110, 815, 603, 386, 896]
20: [449, 421, 326, 905, 996, 115, 347, 743, 154, 643, 342, 88, 59, 131, 587, 137, 454, 39]
21: [918, 598, 236, 764, 638, 849, 844, 733, 431, 851, 413, 601, 718, 964, 395, 381, 672, 250, 547, 48, 632]
22: [456, 509, 285, 292, 675, 776, 671, 663, 693, 1, 872, 783, 901, 338, 980, 402, 327, 451, 804, 788, 333, 510]
23: [104, 926, 273, 577, 4, 256, 308, 870, 38, 871, 581, 265, 888, 366, 720, 173, 660, 661, 187]
24: [551, 453, 219, 881, 80, 67, 372, 486, 568, 703, 355, 723]
25: [627, 543, 226, 865, 860, 113, 633, 807, 351, 153, 73, 942, 182, 83, 700, 309, 432, 47, 117]
26: [826, 909, 724, 105, 390, 604, 586, 412, 97, 382, 90, 864, 95, 772, 741, 705]
27: [593, 318, 873, 850, 492, 193, 430, 717, 977, 503, 940, 401, 512, 600, 677, 476, 797, 164, 68, 408, 464]
28: [434, 472, 556, 284, 746, 439, 612, 514, 404, 241, 162, 18, 648, 279, 897, 207, 979, 353, 211, 924, 238]
29: [92, 54, 266, 121, 738, 286, 481, 711, 817, 70, 84, 143, 885, 272, 585, 298, 674, 348, 550, 651]
30: [12, 478, 246, 82, 425, 754, 894, 965, 75, 270, 716, 640, 987, 749, 450, 813, 278, 828, 458, 142]
31: [444, 920, 100, 237, 719, 163, 770, 260, 6, 409, 508, 879, 843, 910, 498, 174, 635, 33, 447]
32: [74, 887, 787, 950, 800, 393, 526, 50, 304, 76, 427, 571, 98, 621, 166, 491, 530, 389, 925, 17]
33: [263, 87, 411, 689, 541, 405, 531, 252, 169, 480, 737, 613, 268, 592, 745, 617, 990, 106, 606, 704, 569, 368]
34: [867, 688, 341, 216, 134, 615, 376, 676, 109, 311, 107, 337, 467, 658, 384, 433, 891, 634, 584, 251, 345, 271, 343]
35: [639, 535, 1000, 406, 837, 917, 943, 582, 242, 929, 417, 778, 799, 198, 702, 544, 680, 81, 53, 699, 777, 883, 654]
36: [941, 505, 130, 877, 379, 725, 628, 359, 7, 936, 122, 289, 605, 759, 189, 763, 884, 646, 561, 423, 946, 731, 466]
37: [360, 521, 715, 831, 235, 377, 540, 983, 808, 34, 448, 814, 921, 483, 721, 710, 388, 125, 691, 903, 751]
38: [575, 795, 373, 200, 765, 161, 462, 277, 203, 975, 149, 664, 566, 416, 422, 753, 931, 519, 636, 504, 862]
39: [781, 288, 496, 99, 217, 944, 15, 302, 364, 489, 165, 827, 823, 329, 146, 548, 441, 147, 330]
40: [269, 845, 365, 46, 875, 10, 882, 669, 11, 477, 367, 442, 280, 683, 694, 938, 295, 204, 916, 96]
41: [558, 69, 103, 853, 501, 747, 114, 859, 622, 248, 696, 829, 625, 291, 210, 325, 132, 810, 966, 72, 499, 229]
42: [234, 963, 140, 955, 602, 757, 911, 922, 750, 927, 563, 863, 168, 856, 124, 40, 620, 659, 240, 31, 982, 524]
43: [954, 49, 758, 890, 44, 9, 155, 43, 36, 589, 773, 294, 111, 139, 127, 690, 307, 403, 892, 470, 349, 37, 79]
44: [227, 172, 960, 904, 698, 822, 968, 958, 906, 655, 532, 769, 536, 902, 594, 319, 774, 287, 685, 194, 801]
45: [254, 26, 314, 994, 832, 303, 436, 335, 784, 732, 119, 196, 300, 28, 350, 62, 739, 562]
46: [611, 678, 590, 583, 978, 919, 624, 835, 912, 999, 65, 816, 497, 128, 668, 331, 652, 473, 821, 792]
47: [340, 839, 785, 126, 588, 179, 479, 112, 490, 564, 493, 802, 771, 973, 32, 923, 89, 438, 549, 991]
48: [361, 230, 554, 397, 513, 767, 957, 761, 167, 708, 502, 78, 607, 649, 63, 858, 893, 880, 692]
49: [507, 136, 679, 148, 618, 419, 762, 576, 933, 591, 555, 930, 998, 866, 567, 642, 608, 713, 803, 197, 94, 426]
total time:14506
/kaggle/input/tulkh-data/data_1000_100.txt
689.9384438991547
0: [641, 214, 328, 384, 302, 550, 832, 556, 815, 962]
1: [558, 613, 589, 669, 724, 616, 543]
2: [115, 183, 817, 948, 30, 323, 327, 292, 113, 993]
3: [524, 67, 714, 566, 777, 253, 90, 20, 131, 234, 279, 627]
4: [359, 197, 488, 334, 792, 927, 692, 409, 140, 25, 725, 147]
5: [288, 130, 263, 205, 967, 367, 484, 806]
6: [559, 990, 532, 434, 713, 120, 184, 42, 178]
7: [569, 313, 574, 576, 192, 312, 344, 29, 752, 435, 468, 329]
8: [814, 906, 823, 954, 941, 961, 261, 69, 648, 636]
9: [709, 374, 983, 160, 13, 931, 942, 291, 970, 39, 971]
10: [305, 250, 514, 935, 471, 34, 422, 785, 1000, 419, 661]
11: [235, 74, 819, 774, 352, 107, 943, 652, 304, 161, 852, 450]
12: [917, 456, 14, 516, 364, 453, 869, 520]
13: [398, 951, 223, 934, 70, 8, 91, 229]
14: [595, 834, 751, 149, 170, 643, 413, 227, 397]
15: [867, 438, 737, 366, 608, 196, 782, 372, 342, 850]
16: [322, 787, 380, 379, 744, 929, 615, 306, 246, 639, 206, 421, 412, 371]
17: [729, 891, 389, 712, 723, 68, 446, 136, 405, 853]
18: [956, 95, 382, 955, 960, 784, 683, 632, 355, 142, 135, 203]
19: [338, 767, 826, 761, 410, 513, 812, 545, 512, 277, 599]
20: [258, 843, 973, 722, 145, 904, 528, 241, 508, 958]
21: [898, 92, 689, 204, 180, 940, 428, 810, 11]
22: [715, 483, 169, 541, 505, 143, 936, 697, 776, 487]
23: [165, 915, 391, 80, 988, 226, 308, 354, 36, 799, 654]
24: [100, 793, 594, 847, 677, 150, 171, 97, 200, 400, 232]
25: [220, 358, 580, 38, 986]
26: [320, 780, 155, 105, 587, 672, 756, 786, 573, 109]
27: [924, 859, 9, 462, 466, 678, 445, 775, 348]
28: [994, 432, 969, 365, 598, 743, 870, 741, 290]
29: [779, 193, 166, 638, 252, 571, 314, 10, 256, 377, 966, 18]
30: [85, 40, 268, 158, 114, 791, 949, 295, 829, 221, 4]
31: [581, 899, 401, 707, 266, 655, 537, 144, 162]
32: [417, 242, 496, 141, 597, 735, 222, 600, 803]
33: [478, 705, 31, 527, 614, 857, 748, 617, 620, 645, 813]
34: [772, 668, 188, 798, 230, 89, 257, 548, 851, 281]
35: [259, 882, 255, 831, 699, 656, 974, 26, 137, 711, 746, 880]
36: [750, 517, 660, 802, 821, 944, 444, 930, 470, 560, 454, 436, 578]
37: [139, 283, 185, 909, 415, 175, 248, 808, 7, 23, 531, 406, 657]
38: [910, 17, 262, 388, 485, 902, 473, 693, 167, 58]
39: [781, 854, 555, 633, 979, 685, 596, 84, 330, 99, 156]
40: [920, 667, 356, 800, 876, 376, 720, 486, 937, 339, 22, 112]
41: [562, 298, 345, 757, 710, 12, 770, 863]
42: [889, 883, 27, 663, 933, 536, 1, 287, 289, 848]
43: [458, 360, 795, 612, 691, 816, 392, 402]
44: [54, 759, 881, 236, 939, 117, 842]
45: [44, 467, 953, 215, 340, 700, 822, 349, 533, 311, 82]
46: [190, 189, 443, 81, 476, 582, 77, 494, 680]
47: [146, 908, 472, 997, 116, 301]
48: [771, 110, 251, 796, 411, 626, 407, 37, 324, 738, 129]
49: [583, 297, 132, 357, 111, 464, 186, 682, 179, 216]
50: [855, 913, 310, 430, 393, 375, 797, 125]
51: [63, 629, 865, 790, 696, 94, 539, 893]
52: [783, 118, 659, 856, 187, 640]
53: [293, 504, 254, 698, 963, 999, 45, 981, 50, 431, 16]
54: [202, 721, 631, 350, 492, 346, 59, 491]
55: [51, 347, 264, 285, 317, 804, 552, 818]
56: [127, 66, 103, 48, 987, 133, 534, 918]
57: [989, 592, 424, 706, 623, 625, 866, 670, 839, 519, 387]
58: [521, 245, 126, 914, 238, 21, 788, 727, 425]
59: [76, 695, 985, 335, 549, 701, 280, 231, 836, 361]
60: [890, 996, 637, 768, 475, 500, 6, 758, 561, 676, 378, 742, 905]
61: [523, 679, 919, 303, 862, 544, 489, 53, 208, 975, 945, 510]
62: [195, 688, 926, 873, 182, 273, 83, 386, 764, 98]
63: [493, 56, 88, 911, 522, 807, 49, 964, 75]
64: [474, 526, 465, 244, 201, 726, 341, 634, 168, 619]
65: [579, 457, 101, 353, 635, 830, 563, 947, 481]
66: [965, 861, 351, 282, 217, 518, 666, 991, 921]
67: [671, 414, 546, 73, 177, 119, 984, 684, 628, 33, 41, 538]
68: [844, 618, 586, 585, 763, 907, 925, 995, 932, 828]
69: [837, 686, 604, 922, 535, 270, 106, 846]
70: [309, 753, 442, 860, 271, 61, 766, 972, 62, 502, 662]
71: [286, 239, 233, 482, 879, 606, 326, 332, 461, 658]
72: [509, 515, 868, 644, 35, 749, 630, 871, 769, 426, 225, 554]
73: [501, 747, 219, 825, 5, 43, 665, 718, 71, 395, 946]
74: [495, 901, 333, 755, 65, 575, 429, 674, 745, 325, 337]
75: [15, 199, 362, 260, 845, 213, 611, 603, 399, 134]
76: [982, 124, 653, 240, 733, 404, 449, 420, 977, 506, 102]
77: [194, 108, 319, 557, 900, 469, 451, 875, 736]
78: [321, 276, 621, 121, 64, 809, 716, 278, 584, 503, 992, 588]
79: [477, 138, 511, 403, 703, 564, 418, 646, 820, 773, 675, 731]
80: [151, 622, 316, 717, 690, 687, 318, 370, 840, 159, 895, 864]
81: [408, 950, 649, 605, 52, 153, 702]
82: [455, 163, 385, 838, 128, 212, 650, 567, 912]
83: [307, 530, 394, 547, 928, 439, 294, 884, 897, 507]
84: [694, 894, 284, 794, 46, 433, 708]
85: [980, 499, 835, 3, 249, 224, 568, 874, 591, 529, 104, 754, 368]
86: [198, 624, 938, 209, 572, 551, 577, 952, 174, 739]
87: [877, 79, 805, 383, 719, 888, 590, 460, 459, 237, 315]
88: [275, 176, 19, 664, 647, 267, 93, 601, 148, 437, 57, 607]
89: [210, 553, 87, 602, 998, 123, 296]
90: [872, 593, 164, 300, 381, 490, 173, 878, 157]
91: [732, 841, 191, 923, 60, 728, 207, 762, 730, 903, 681]
92: [858, 272, 570, 336, 427, 373, 959, 642, 28, 778, 978, 47]
93: [172, 447, 651, 609, 896, 740, 957, 452, 565, 704, 416, 269, 181]
94: [441, 886, 497, 24, 440, 525, 827, 540, 801, 463]
95: [72, 211, 498, 824, 542, 968, 479, 811, 218, 96, 480, 228, 331]
96: [885, 765, 849, 760, 833, 789, 32, 86, 247, 243, 976]
97: [396, 390, 274, 55, 887, 78, 892, 343]
98: [734, 2, 916, 363, 152, 448, 154, 122]
99: [610, 369, 423, 673, 265, 299]
total time:8198
