100 50
343 693 260 640 519 463 395 774 657 379 990 124 542 674 298 757 119 685 144 99 331 551 199 121 630 564 522 117 471 453 366 707 361 771 535 174 219 608 595 608 369 665 857 318 68 140 73 635 155 418 479 343 453 136 190 160 624 715 183 915 470 381 272 670 995 622 976 836 714 483 758 549 511 242 311 692 855 366 689 316 560 379 283 717 397 763 381 660 851 445 286 937 557 860 649 950 102 159 628 313 
0 136 97 90 71 31 91 78 128 67 84 60 110 29 83 16 106 96 68 21 68 65 111 76 44 94 103 11 40 32 87 107 33 73 25 102 94 97 114 95 28 89 63 70 75 47 115 52 38 73 118 107 87 63 94 77 121 95 109 77 122 116 78 83 72 68 88 64 81 36 77 37 36 103 51 97 17 95 54 86 58 55 71 45 95 69 38 119 126 51 98 41 60 107 133 91 71 82 71 97 87 
136 0 216 219 74 108 160 214 177 91 184 132 164 149 174 120 187 127 71 127 110 141 28 202 173 120 159 139 161 169 201 178 134 67 160 38 149 230 193 217 155 142 196 68 143 182 252 186 99 86 170 137 224 197 146 131 257 186 51 213 17 252 78 155 101 205 188 161 81 173 70 132 151 239 124 231 139 42 190 223 177 90 64 94 44 203 130 255 184 116 188 168 76 242 269 198 167 195 166 212 177 
97 216 0 118 141 127 74 84 214 164 38 153 90 71 51 108 182 111 158 119 165 78 187 25 53 191 87 104 59 78 14 188 82 148 89 190 185 41 189 9 69 181 97 159 166 88 90 52 131 170 93 202 65 48 185 94 92 168 173 68 199 103 139 74 119 72 36 56 177 79 171 84 67 72 147 51 110 181 65 79 40 125 158 139 181 49 85 70 208 100 170 108 148 56 96 23 149 21 150 7 50 
90 219 118 0 162 112 161 33 121 131 134 96 181 100 142 105 83 179 148 93 118 142 198 94 88 130 175 83 99 65 119 94 116 162 67 182 107 84 87 109 92 108 29 151 96 45 55 75 122 138 188 130 55 72 109 158 60 69 199 50 208 44 169 154 162 46 136 128 145 60 151 121 105 60 99 74 81 177 58 41 103 146 155 126 175 69 122 79 111 139 70 51 144 79 72 130 66 119 68 123 144 
71 74 141 162 0 54 90 149 162 67 109 96 99 77 100 56 156 64 39 71 85 68 45 129 100 108 92 78 88 102 127 151 61 10 96 54 127 158 163 143 84 120 135 38 113 119 185 114 44 67 105 128 155 126 125 61 190 150 37 145 57 187 12 83 31 138 114 87 70 107 54 57 77 170 86 160 81 45 122 156 103 17 30 46 47 132 56 184 165 41 152 111 31 171 201 124 126 121 125 137 104 
31 108 127 112 54 0 106 106 115 36 108 46 123 55 104 19 103 99 38 18 43 79 86 107 75 71 115 31 68 62 116 100 51 51 53 72 80 129 111 125 58 74 87 40 63 74 144 84 10 42 130 87 117 94 79 85 150 96 89 107 96 143 64 98 68 98 112 86 50 66 46 52 61 133 35 128 31 66 85 115 87 43 43 14 65 100 52 150 116 55 99 60 32 139 162 118 71 110 71 125 109 
91 160 74 161 90 106 0 132 218 140 36 149 20 66 23 90 197 38 122 110 150 27 132 79 72 178 14 102 62 98 60 198 58 99 102 144 184 110 205 81 71 178 132 121 166 117 154 86 105 143 27 194 124 93 183 29 157 186 111 120 142 164 82 8 59 118 38 32 149 102 137 54 58 136 139 117 109 135 103 133 59 79 116 112 137 99 54 141 217 54 188 126 111 125 165 51 161 55 162 68 24 
78 214 84 33 149 106 132 0 146 134 103 105 153 77 112 94 109 156 144 88 125 117 190 61 60 143 147 75 73 47 86 118 95 151 53 179 125 51 114 75 70 125 23 146 110 32 38 45 115 141 159 147 23 40 127 135 44 94 187 16 201 38 154 127 143 14 105 100 148 42 150 100 82 32 104 42 75 172 30 11 73 133 149 121 171 36 101 52 137 120 96 51 138 49 57 97 83 87 85 89 114 
128 177 214 121 162 115 218 146 0 96 210 70 237 156 211 129 38 215 125 108 77 192 170 188 163 57 229 117 165 135 208 27 160 155 126 141 35 194 37 208 153 42 124 127 52 126 177 161 121 98 244 39 168 166 37 200 182 52 188 159 175 166 174 210 183 150 214 192 99 134 115 164 163 178 80 187 110 143 150 157 181 157 136 117 140 168 164 198 12 170 51 105 130 195 194 215 64 205 63 215 215 
67 91 164 131 67 36 140 134 96 0 145 40 155 92 140 56 97 126 29 47 20 113 77 143 111 41 147 63 105 95 153 89 87 59 84 53 63 163 104 162 95 55 112 31 52 102 173 119 35 7 162 61 149 129 60 115 178 95 92 137 84 169 79 132 92 128 149 122 14 98 21 88 98 163 33 161 60 51 117 144 124 65 40 28 48 134 88 182 100 86 97 83 35 172 191 155 75 147 74 162 144 
84 184 38 134 109 108 36 103 210 145 0 144 53 55 13 89 184 73 133 105 150 42 155 44 49 177 49 93 45 78 24 187 57 118 85 161 178 74 191 44 56 173 108 134 159 94 120 59 110 150 58 191 91 63 177 57 123 170 138 89 166 131 105 35 84 89 4 23 157 81 147 57 47 101 135 82 100 152 76 101 31 95 131 117 153 67 58 105 207 68 173 108 123 89 130 15 148 19 149 32 12 
60 132 153 96 96 46 149 105 70 40 144 0 167 89 143 59 59 145 66 39 23 122 116 129 100 38 159 50 99 76 145 54 91 91 65 93 35 143 67 149 87 29 81 68 17 75 142 103 53 46 174 48 123 110 34 130 148 55 128 112 124 137 108 141 114 102 148 124 51 77 62 94 96 136 11 139 44 91 96 116 116 89 76 50 89 114 94 156 70 101 57 53 67 149 161 150 35 141 33 154 147 
110 164 90 181 99 123 20 153 237 155 53 167 0 86 41 107 217 37 134 128 167 45 137 98 93 194 7 121 83 119 77 218 77 109 122 153 202 128 225 97 92 196 153 133 184 138 174 107 120 158 7 211 143 113 201 39 176 205 113 140 147 184 89 28 68 138 54 53 163 122 150 73 79 155 157 136 128 144 123 153 79 91 127 127 146 119 72 159 236 68 208 146 124 143 183 66 181 73 182 83 41 
29 149 71 100 77 55 66 77 156 92 55 89 86 0 55 36 132 79 87 50 96 43 122 53 23 123 79 38 12 34 60 134 17 82 36 120 123 80 139 70 7 118 70 88 104 54 110 37 60 98 93 136 79 48 123 59 114 120 113 70 133 115 79 58 65 64 59 36 106 39 99 22 7 94 80 83 45 111 48 82 31 60 88 67 112 55 24 107 153 42 122 60 78 93 125 62 96 55 97 70 58 
83 174 51 142 100 104 23 112 211 140 13 143 41 55 0 86 186 60 126 104 148 32 145 56 55 175 37 93 47 82 37 189 53 109 89 153 178 86 194 58 58 173 115 127 159 100 132 67 105 145 47 190 102 72 177 44 134 174 127 98 156 142 95 22 73 98 15 18 152 86 141 52 47 113 134 94 100 144 83 111 39 86 123 113 145 77 52 117 208 60 176 112 116 102 142 28 151 32 151 45 4 
16 120 108 105 56 19 90 94 129 56 89 59 107 36 86 0 112 88 53 21 62 63 95 88 56 89 100 22 48 48 96 111 32 57 40 87 94 112 120 106 39 88 78 54 76 63 131 67 24 62 115 104 103 77 93 71 137 102 93 93 106 132 63 81 60 84 93 67 69 52 64 35 42 118 49 112 26 80 70 102 67 41 56 31 79 84 35 135 128 42 105 55 45 122 149 98 77 91 78 106 90 
106 187 182 83 156 103 197 109 38 97 184 59 217 132 186 112 0 201 125 91 77 172 175 157 135 70 209 95 139 106 178 12 140 151 98 149 39 159 7 176 128 45 88 127 44 94 139 130 112 102 224 59 132 134 43 183 144 15 187 123 181 127 167 189 171 115 187 168 105 104 118 144 140 140 70 151 89 148 117 120 153 147 135 110 146 135 145 161 28 155 13 75 127 158 155 186 35 176 35 185 190 
96 127 111 179 64 99 38 156 215 126 73 145 37 79 60 88 201 0 102 109 141 38 99 111 95 167 33 107 82 114 96 199 64 74 114 118 180 143 208 117 87 173 150 101 163 134 183 111 94 128 42 185 152 120 178 21 187 191 76 146 109 191 53 37 34 142 75 59 132 118 118 59 74 165 135 149 113 108 125 159 87 60 94 100 111 126 58 173 216 45 193 137 92 158 196 88 166 91 166 105 62 
68 71 158 148 39 38 122 144 125 29 133 66 134 87 126 53 125 102 0 56 49 96 51 140 109 70 127 69 99 100 145 118 76 30 91 34 92 165 132 158 91 84 125 2 80 112 182 120 29 28 141 89 155 131 89 94 188 121 62 145 60 181 51 114 67 136 138 110 30 104 15 75 91 170 56 165 68 28 122 153 118 43 10 23 27 137 75 188 130 68 123 97 10 176 200 145 99 140 98 156 131 
21 127 119 93 71 18 110 88 108 47 105 39 128 50 104 21 91 109 56 0 46 83 104 96 65 72 120 15 61 47 109 89 52 69 37 90 74 115 99 116 50 68 69 58 55 56 127 71 28 54 136 86 102 81 73 92 132 82 107 90 114 125 80 102 81 81 109 85 62 50 62 55 57 116 30 113 13 84 69 98 80 59 62 32 83 86 56 135 107 64 84 41 51 124 145 113 57 104 57 118 108 
68 110 165 118 85 43 150 125 77 20 150 23 167 96 148 62 77 141 49 46 0 123 97 143 112 27 159 61 108 91 155 69 94 78 80 72 43 160 84 162 97 35 102 51 32 94 163 117 46 24 174 44 142 126 40 128 169 75 112 131 104 158 97 142 107 121 155 129 29 93 41 96 103 156 20 156 56 71 112 136 126 81 59 41 68 130 96 175 81 98 77 73 53 167 182 159 57 151 56 165 152 
65 141 78 142 68 79 27 117 192 113 42 122 45 43 32 63 172 38 96 83 123 0 112 73 56 151 37 76 43 77 63 172 32 77 79 121 158 105 180 82 50 151 113 96 139 97 144 72 78 117 52 167 113 81 156 18 148 161 95 107 124 152 63 18 41 103 46 22 123 82 111 28 36 127 112 111 83 112 87 120 48 55 92 85 113 88 27 135 191 28 163 103 85 120 157 57 136 57 137 72 36 
111 28 187 198 45 86 132 190 170 77 155 116 137 122 145 95 175 99 51 104 97 112 0 174 145 113 131 115 133 143 173 167 106 39 136 30 139 203 181 189 128 132 173 48 130 158 227 159 75 73 142 132 198 170 136 102 232 172 26 188 11 228 49 126 72 180 159 132 71 148 56 103 123 213 107 204 116 27 165 198 149 62 42 72 30 176 102 229 177 87 174 146 53 215 244 169 150 167 149 183 148 
76 202 25 94 129 107 79 61 188 143 44 129 98 53 56 88 157 111 140 96 143 73 174 0 31 167 93 81 41 53 25 163 67 135 64 173 160 31 163 19 49 157 72 142 142 63 75 27 112 149 103 178 46 23 160 91 78 142 163 46 186 86 128 75 111 48 45 51 157 54 152 71 51 57 124 38 86 165 40 58 25 112 141 120 165 25 72 62 183 89 145 82 131 46 86 36 124 26 125 28 56 
44 173 53 88 100 75 72 60 163 111 49 100 93 23 55 56 135 95 109 65 112 56 145 31 0 137 87 51 13 29 44 139 40 105 37 142 133 57 142 50 17 129 60 110 114 45 89 15 81 117 100 149 57 26 133 74 93 121 136 50 157 95 102 66 87 46 52 40 125 31 121 44 23 72 94 59 56 134 30 63 17 83 110 88 134 32 45 84 159 64 124 59 100 70 103 51 100 41 101 53 57 
94 120 191 130 108 71 178 143 57 41 177 38 194 123 175 89 70 167 70 72 27 151 113 167 137 0 186 86 134 114 181 59 122 100 103 84 30 182 75 187 123 25 119 72 34 114 180 141 73 42 201 19 162 149 27 155 185 74 131 151 117 173 121 169 133 141 182 156 41 116 58 124 130 175 43 178 81 85 134 154 152 107 80 67 82 153 124 195 64 125 75 92 77 187 198 186 64 177 63 191 179 
103 159 87 175 92 115 14 147 229 147 49 159 7 79 37 100 209 33 127 120 159 37 131 93 87 186 0 114 76 111 73 210 69 102 115 147 195 123 217 94 84 188 146 126 176 131 168 101 113 150 15 203 138 107 193 32 171 198 109 134 141 178 83 20 61 132 50 46 156 115 142 65 71 150 149 131 120 137 117 147 73 84 120 119 139 113 64 154 228 61 201 139 116 139 179 63 173 69 174 80 37 
11 139 104 83 78 31 102 75 117 63 93 50 121 38 93 22 95 107 69 15 61 76 115 81 51 86 114 0 48 32 95 96 44 78 22 103 84 100 103 101 37 80 57 71 65 43 113 56 40 70 129 99 87 65 84 88 118 84 115 76 126 113 85 94 82 67 97 75 77 35 76 49 46 102 43 98 6 97 54 84 66 63 74 46 96 71 49 120 115 62 87 33 63 109 131 100 60 91 60 104 97 
40 161 59 99 88 68 62 73 165 105 45 99 83 12 47 48 139 82 99 61 108 43 133 41 13 134 76 48 0 35 47 142 26 93 41 132 133 70 146 58 11 128 70 101 114 54 103 29 72 111 90 147 71 39 132 61 107 126 123 64 145 109 88 55 73 59 49 30 118 39 112 30 10 86 91 73 55 123 43 76 18 71 100 80 124 46 32 98 161 50 129 65 90 83 117 51 103 43 104 57 51 
32 169 78 65 102 62 98 47 135 95 78 76 119 34 82 48 106 114 100 47 91 77 143 53 29 114 111 32 35 0 72 110 50 104 11 135 106 68 113 73 27 103 36 102 88 19 83 26 71 102 125 124 55 34 106 93 88 92 140 44 155 85 107 91 97 36 81 66 109 4 108 55 40 70 71 66 35 127 22 54 46 86 104 77 127 39 57 88 130 74 95 30 93 77 100 80 71 69 72 80 86 
87 201 14 119 127 116 60 86 208 153 24 145 77 60 37 96 178 96 145 109 155 63 173 25 44 181 73 95 47 72 0 183 69 134 82 176 178 51 185 20 58 174 96 146 159 85 99 48 119 158 81 194 71 47 178 79 101 164 158 71 184 110 124 59 104 73 23 41 166 74 159 70 54 80 138 60 101 167 63 83 29 111 144 127 168 50 71 81 203 85 167 103 135 66 107 11 144 6 145 10 36 
107 178 188 94 151 100 198 118 27 89 187 54 218 134 189 111 12 199 118 89 69 172 167 163 139 59 210 96 142 110 183 0 140 145 101 140 29 166 15 182 130 35 96 120 38 100 149 136 108 93 225 47 141 140 32 182 154 25 181 131 173 138 163 190 169 122 191 170 96 109 111 144 142 150 65 159 89 140 123 129 157 144 129 105 137 142 145 170 20 154 24 80 121 167 166 190 39 180 37 190 193 
33 134 82 116 61 51 58 95 160 87 57 91 77 17 53 32 140 64 76 52 94 32 106 67 40 122 69 44 26 50 69 140 0 67 50 107 126 97 148 83 25 121 86 77 108 70 127 55 52 92 84 137 96 65 125 44 132 129 96 88 118 132 62 50 48 82 62 35 99 55 90 5 16 111 81 99 51 98 65 100 43 44 75 60 99 72 6 124 159 24 132 72 66 110 143 69 104 63 105 79 57 
73 67 148 162 10 51 99 151 155 59 118 91 109 82 109 57 151 74 30 69 78 77 39 135 105 100 102 78 93 104 134 145 67 0 98 44 121 163 158 150 88 113 135 28 107 120 188 119 41 58 115 120 158 130 118 70 193 145 38 148 51 189 21 93 41 141 122 95 61 109 45 64 83 174 80 165 80 35 125 159 110 23 20 41 37 137 63 189 159 49 148 110 24 175 204 132 122 128 121 144 113 
25 160 89 67 96 53 102 53 126 84 85 65 122 36 89 40 98 114 91 37 80 79 136 64 37 103 115 22 41 11 82 101 50 98 0 125 96 79 105 84 30 92 38 93 77 22 91 37 62 91 130 113 65 45 96 94 96 85 134 54 147 91 102 94 95 44 89 71 99 13 98 55 43 80 60 77 24 119 32 62 55 80 95 68 118 50 56 98 121 72 87 23 84 87 109 89 62 79 64 90 92 
102 38 190 182 54 72 144 179 141 53 161 93 153 120 153 87 149 118 34 90 72 121 30 173 142 84 147 103 132 135 176 140 107 44 125 0 112 199 155 190 125 104 159 32 105 146 217 154 64 47 160 102 190 165 109 115 222 148 54 179 33 216 64 138 85 170 166 138 43 138 31 105 123 205 85 199 103 9 157 188 150 66 32 57 8 171 105 222 148 93 150 131 42 210 235 175 128 170 127 187 157 
94 149 185 107 127 80 184 125 35 63 178 35 202 123 178 94 39 180 92 74 43 158 139 160 133 30 195 84 133 106 178 29 126 121 96 112 0 170 44 180 121 7 102 94 19 101 160 133 86 66 210 22 147 139 3 165 166 45 155 136 145 152 139 176 148 127 182 159 68 106 83 129 131 158 45 164 78 112 123 137 150 122 102 82 109 142 130 178 37 136 46 79 96 173 178 184 42 174 40 186 182 
97 230 41 84 158 129 110 51 194 163 74 143 128 80 86 112 159 143 165 115 160 105 203 31 57 182 123 100 70 68 51 166 97 163 79 199 170 0 164 32 74 167 70 167 152 68 49 45 136 170 132 189 28 34 170 123 50 144 193 35 214 62 158 107 142 43 74 83 178 66 175 100 80 30 139 10 104 191 47 42 57 141 167 143 191 29 102 30 186 120 146 91 157 15 55 62 129 55 131 48 86 
114 193 189 87 163 111 205 114 37 104 191 67 225 139 194 120 7 208 132 99 84 180 181 163 142 75 217 103 146 113 185 15 148 158 105 155 44 164 0 182 135 51 94 134 51 100 142 137 119 108 232 63 137 140 48 191 147 21 194 128 188 130 175 197 179 120 195 176 111 111 125 152 147 145 77 156 96 155 123 125 160 155 142 117 152 141 153 165 25 163 18 82 134 163 158 193 43 183 42 192 197 
95 217 9 109 143 125 81 75 208 162 44 149 97 70 58 106 176 117 158 116 162 82 189 19 50 187 94 101 58 73 20 182 83 150 84 190 180 32 182 0 67 177 89 159 161 81 81 46 130 168 101 197 56 41 180 99 82 161 175 59 200 94 141 80 122 64 43 59 175 73 170 85 67 63 143 42 106 181 58 70 40 126 158 138 182 41 86 62 202 102 163 102 148 47 87 31 143 25 144 16 57 
28 155 69 92 84 58 71 70 153 95 56 87 92 7 58 39 128 87 91 50 97 50 128 49 17 123 84 37 11 27 58 130 25 88 30 125 121 74 135 67 0 117 63 93 102 47 102 30 63 101 99 136 71 41 121 66 107 115 120 62 140 107 86 64 73 56 60 40 108 31 103 30 13 86 80 76 43 117 40 74 29 67 93 71 117 48 31 100 150 50 118 54 82 86 118 62 92 54 93 68 62 
89 142 181 108 120 74 178 125 42 55 173 29 196 118 173 88 45 173 84 68 35 151 132 157 129 25 188 80 128 103 174 35 121 113 92 104 7 167 51 177 117 0 101 87 15 99 161 130 79 58 204 22 145 137 5 158 166 49 147 134 138 152 132 170 141 125 177 154 61 103 75 123 125 157 39 162 73 105 121 136 145 115 95 75 102 140 124 177 45 129 50 76 89 171 178 179 42 170 40 182 177 
63 196 97 29 135 87 132 23 124 112 108 81 153 70 115 78 88 150 125 69 102 113 173 72 60 119 146 57 70 36 96 96 86 135 38 159 102 70 94 89 63 101 0 127 86 16 61 48 97 119 160 123 44 48 103 129 66 73 172 34 183 57 141 126 133 26 110 100 127 31 130 92 76 56 81 63 56 153 32 34 76 119 131 102 152 47 93 76 116 110 75 29 120 71 79 106 60 95 62 100 117 
70 68 159 151 38 40 121 146 127 31 134 68 133 88 127 54 127 101 2 58 51 96 48 142 110 72 126 71 101 102 146 120 77 28 93 32 94 167 134 159 93 87 127 0 83 114 184 121 31 29 140 91 157 132 92 94 190 124 60 147 57 184 50 114 67 138 138 110 32 106 16 76 92 172 59 167 71 26 124 155 119 42 8 25 25 139 76 189 132 68 126 99 10 177 202 146 102 141 101 157 131 
75 143 166 96 113 63 166 110 52 52 159 17 184 104 159 76 44 163 80 55 32 139 130 142 114 34 176 65 114 88 159 38 108 107 77 105 19 152 51 161 102 15 86 83 0 84 146 114 70 57 192 36 130 121 18 147 152 43 143 120 137 139 125 158 131 110 163 140 61 88 74 111 112 142 28 147 59 103 106 121 131 106 91 67 101 124 111 163 53 118 45 61 83 156 165 165 30 155 28 167 163 
47 182 88 45 119 74 117 32 126 102 94 75 138 54 100 63 94 134 112 56 94 97 158 63 45 114 131 43 54 19 85 100 70 120 22 146 101 68 100 81 47 99 16 114 84 0 71 37 83 109 145 121 47 40 102 113 76 79 157 36 169 69 125 110 116 26 97 85 116 15 118 75 60 61 74 63 43 140 23 42 62 103 117 88 139 41 76 81 120 94 82 22 106 73 89 94 62 83 63 91 103 
115 252 90 55 185 144 154 38 177 173 120 142 174 110 132 131 139 183 182 127 163 144 227 75 89 180 168 113 103 83 99 149 127 188 91 217 160 49 142 81 102 161 61 184 146 71 0 73 153 180 178 182 31 63 162 162 5 124 222 39 238 15 189 150 175 47 121 125 187 79 189 132 112 18 143 39 114 210 62 29 96 168 187 159 210 56 134 27 167 152 126 90 176 36 18 110 118 101 120 97 132 
52 186 52 75 114 84 86 45 161 119 59 103 107 37 67 67 130 111 120 71 117 72 159 27 15 141 101 56 29 26 48 136 55 119 37 154 133 45 137 46 30 130 48 121 114 37 73 0 91 125 113 151 41 11 133 90 77 116 151 34 170 79 117 81 102 31 61 54 133 26 130 59 39 56 98 45 60 146 16 47 28 97 122 98 146 17 61 69 156 79 118 55 111 56 88 57 97 46 98 54 69 
38 99 131 122 44 10 105 115 121 35 110 53 120 60 105 24 112 94 29 28 46 78 75 112 81 73 113 40 72 71 119 108 52 41 62 64 86 136 119 130 63 79 97 31 70 83 153 91 0 39 128 91 126 101 84 81 159 105 79 115 86 153 55 97 61 106 114 87 46 74 39 53 64 141 42 136 40 57 93 124 91 36 34 7 56 108 52 158 123 52 107 70 22 146 171 121 81 114 80 129 109 
73 86 170 138 67 42 143 141 98 7 150 46 158 98 145 62 102 128 28 54 24 117 73 149 117 42 150 70 111 102 158 93 92 58 91 47 66 170 108 168 101 58 119 29 57 109 180 125 39 0 165 61 156 135 63 118 185 100 89 144 79 176 79 135 93 135 154 127 7 104 17 92 104 170 40 168 67 46 124 151 130 67 38 32 44 141 92 189 103 89 102 90 35 179 198 160 81 153 80 168 149 
118 170 93 188 105 130 27 159 244 162 58 174 7 93 47 115 224 42 141 136 174 52 142 103 100 201 15 129 90 125 81 225 84 115 130 160 210 132 232 101 99 204 160 140 192 145 178 113 128 165 0 218 149 119 209 46 181 213 118 145 152 189 95 35 74 144 58 59 170 129 157 80 86 160 164 140 135 150 130 158 85 98 134 134 152 124 80 163 243 76 216 153 131 147 188 70 189 77 189 86 46 
107 137 202 130 128 87 194 147 39 61 191 48 211 136 190 104 59 185 89 86 44 167 132 178 149 19 203 99 147 124 194 47 137 120 113 102 22 189 63 197 136 22 123 91 36 121 182 151 91 61 218 0 167 158 20 172 188 67 151 156 136 174 140 186 152 147 196 171 61 124 77 139 144 179 56 184 92 105 142 158 165 125 100 85 102 161 140 200 47 143 67 98 96 193 200 199 64 190 62 202 194 
87 224 65 55 155 117 124 23 168 149 91 123 143 79 102 103 132 152 155 102 142 113 198 46 57 162 138 87 71 55 71 141 96 158 65 190 147 28 137 56 71 145 44 157 130 47 31 41 126 156 149 167 0 31 148 131 35 117 192 11 209 40 158 119 144 20 92 93 163 51 163 101 81 15 121 19 89 183 33 13 65 138 159 132 182 25 102 33 160 121 119 69 148 26 46 83 105 73 107 71 103 
63 197 48 72 126 94 93 40 166 129 63 110 113 48 72 77 134 120 131 81 126 81 170 23 26 149 107 65 39 34 47 140 65 130 45 165 139 34 140 41 41 137 48 132 121 40 63 11 101 135 119 158 31 0 140 99 67 119 162 26 181 71 128 88 113 26 64 62 143 33 141 70 50 46 106 34 69 157 16 39 34 108 133 109 157 6 71 58 160 90 122 61 122 45 77 58 101 47 103 52 74 
94 146 185 109 125 79 183 127 37 60 177 34 201 123 177 93 43 178 89 73 40 156 136 160 133 27 193 84 132 106 178 32 125 118 96 109 3 170 48 180 121 5 103 92 18 102 162 133 84 63 209 20 148 140 0 163 167 48 152 137 142 154 137 175 146 127 182 158 65 107 80 128 130 159 44 165 77 109 124 138 149 120 100 80 106 143 129 180 40 134 49 79 94 174 180 183 43 174 42 186 181 
77 131 94 158 61 85 29 135 200 115 57 130 39 59 44 71 183 21 94 92 128 18 102 91 74 155 32 88 61 93 79 182 44 70 94 115 165 123 191 99 66 158 129 94 147 113 162 90 81 118 46 172 131 99 163 0 166 172 82 125 113 170 53 24 30 121 60 39 123 98 110 39 53 145 119 129 94 106 104 137 66 51 88 87 108 106 38 153 200 29 175 117 84 138 175 72 147 73 148 88 48 
121 257 92 60 190 150 157 44 182 178 123 148 176 114 134 137 144 187 188 132 169 148 232 78 93 185 171 118 107 88 101 154 132 193 96 222 166 50 147 82 107 166 66 190 152 76 5 77 159 185 181 188 35 67 167 166 0 129 227 44 243 18 193 153 180 52 123 128 193 84 194 137 117 21 148 40 119 216 67 34 100 173 192 164 215 60 138 25 172 157 130 95 181 36 12 112 123 104 125 99 135 
95 186 168 69 150 96 186 94 52 95 170 55 205 120 174 102 15 191 121 82 75 161 172 142 121 74 198 84 126 92 164 25 129 145 85 148 45 144 21 161 115 49 73 124 43 79 124 116 105 100 213 67 117 119 48 172 129 0 182 108 180 113 160 178 163 100 174 156 105 90 117 133 127 126 65 136 78 146 102 105 139 140 131 104 144 120 134 146 43 145 2 61 122 143 141 172 25 162 24 171 177 
109 51 173 199 37 89 111 187 188 92 138 128 113 113 127 93 187 76 62 107 112 95 26 163 136 131 109 115 123 140 158 181 96 38 134 54 155 193 194 175 120 147 172 60 143 157 222 151 79 89 118 151 192 162 152 82 227 182 0 183 34 225 34 106 54 175 142 117 89 144 73 92 113 207 117 196 118 48 159 194 137 54 52 78 51 169 91 221 193 73 185 148 60 206 238 153 159 152 159 168 130 
77 213 68 50 145 107 120 16 159 137 89 112 140 70 98 93 123 146 145 90 131 107 188 46 50 151 134 76 64 44 71 131 88 148 54 179 136 35 128 59 62 134 34 147 120 36 39 34 115 144 145 156 11 26 137 125 44 108 183 0 199 45 149 115 136 9 90 88 152 40 152 93 73 25 110 28 78 172 23 13 60 128 149 122 172 21 94 44 151 113 110 58 138 36 56 82 95 72 97 73 100 
122 17 199 208 57 96 142 201 175 84 166 124 147 133 156 106 181 109 60 114 104 124 11 186 157 117 141 126 145 155 184 173 118 51 147 33 145 214 188 200 140 138 183 57 137 169 238 170 86 79 152 136 209 181 142 113 243 180 34 199 0 239 61 137 83 191 170 144 77 159 63 115 134 224 116 216 127 33 176 209 161 74 52 82 35 188 114 240 182 98 182 156 63 227 255 181 159 178 158 194 160 
116 252 103 44 187 143 164 38 166 169 131 137 184 115 142 132 127 191 181 125 158 152 228 86 95 173 178 113 109 85 110 138 132 189 91 216 152 62 130 94 107 152 57 184 139 69 15 79 153 176 189 174 40 71 154 170 18 113 225 45 239 0 192 159 180 50 132 133 184 80 187 137 118 31 138 52 113 210 66 32 105 171 187 158 209 65 139 42 156 157 114 86 176 51 28 122 110 113 112 110 143 
78 78 139 169 12 64 82 154 174 79 105 108 89 79 95 63 167 53 51 80 97 63 49 128 102 121 83 85 88 107 124 163 62 21 102 64 139 158 175 141 86 132 141 50 125 125 189 117 55 79 95 140 158 128 137 53 193 160 34 149 61 192 0 76 22 142 109 83 82 112 66 58 78 173 97 162 89 55 126 160 103 22 42 57 57 134 56 186 177 39 163 118 44 172 204 120 136 118 135 134 98 
83 155 74 154 83 98 8 127 210 132 35 141 28 58 22 81 189 37 114 102 142 18 126 75 66 169 20 94 55 91 59 190 50 93 94 138 176 107 197 80 64 170 126 114 158 110 150 81 97 135 35 186 119 88 175 24 153 178 106 115 137 159 76 0 54 112 38 26 142 95 130 46 51 132 131 114 101 128 97 128 54 72 109 104 130 94 46 138 209 46 180 118 104 122 161 50 153 54 154 67 24 
72 101 119 162 31 68 59 143 183 92 84 114 68 65 73 60 171 34 67 81 107 41 72 111 87 133 61 82 73 97 104 169 48 41 95 85 148 142 179 122 73 141 133 67 131 116 175 102 61 93 74 152 144 113 146 30 180 163 54 136 83 180 22 54 0 130 88 63 98 102 83 43 63 159 103 146 87 76 113 148 85 26 60 66 78 120 41 171 185 23 165 114 58 156 190 99 138 98 138 114 76 
68 205 72 46 138 98 118 14 150 128 89 102 138 64 98 84 115 142 136 81 121 103 180 48 46 141 132 67 59 36 73 122 82 141 44 170 127 43 120 64 56 125 26 138 110 26 47 31 106 135 144 147 20 26 127 121 52 100 175 9 191 50 142 112 130 0 91 86 143 32 143 87 68 35 100 37 68 164 16 18 59 121 140 113 163 23 88 54 142 107 102 49 129 46 64 84 86 73 87 77 100 
88 188 36 136 114 112 38 105 214 149 4 148 54 59 15 93 187 75 138 109 155 46 159 45 52 182 50 97 49 81 23 191 62 122 89 166 182 74 195 43 60 177 110 138 163 97 121 61 114 154 58 196 92 64 182 60 123 174 142 90 170 132 109 38 88 91 0 27 161 84 152 62 52 102 140 82 104 157 78 103 35 99 135 122 158 69 62 104 210 72 177 112 127 89 129 12 152 19 153 29 13 
64 161 56 128 87 86 32 100 192 122 23 124 53 36 18 67 168 59 110 85 129 22 132 51 40 156 46 75 30 66 41 170 35 95 71 138 159 83 176 59 40 154 100 110 140 85 125 54 87 127 59 171 93 62 158 39 128 156 117 88 144 133 83 26 63 86 27 0 134 70 124 34 28 106 115 89 81 129 70 101 28 72 107 95 130 68 35 114 190 45 159 95 99 98 137 36 132 35 133 50 22 
81 81 177 145 70 50 149 148 99 14 157 51 163 106 152 69 105 132 30 62 29 123 71 157 125 41 156 77 118 109 166 96 99 61 99 43 68 178 111 175 108 61 127 32 61 116 187 133 46 7 170 61 163 143 65 123 193 105 89 152 77 184 82 142 98 143 161 134 0 112 16 99 111 178 46 176 74 44 132 159 137 72 40 39 41 149 99 197 105 95 106 97 40 186 205 167 87 160 85 176 156 
36 173 79 60 107 66 102 42 134 98 81 77 122 39 86 52 104 118 104 50 93 82 148 54 31 116 115 35 39 4 74 109 55 109 13 138 106 66 111 73 31 103 31 106 88 15 79 26 74 104 129 124 51 33 107 98 84 90 144 40 159 80 112 95 102 32 84 70 112 0 112 60 45 66 73 63 37 131 19 50 49 90 108 81 131 37 61 84 129 79 93 29 97 74 96 82 70 71 71 81 89 
77 70 171 151 54 46 137 150 115 21 147 62 150 99 141 64 118 118 15 62 41 111 56 152 121 58 142 76 112 108 159 111 90 45 98 31 83 175 125 170 103 75 130 16 74 118 189 130 39 17 157 77 163 141 80 110 194 117 73 152 63 187 66 130 83 143 152 124 16 112 0 90 104 178 54 174 75 29 131 160 131 58 24 32 27 147 89 196 120 83 119 101 26 185 207 159 97 153 95 169 146 
37 132 84 121 57 52 54 100 164 88 57 94 73 22 52 35 144 59 75 55 96 28 103 71 44 124 65 49 30 55 70 144 5 64 55 105 129 100 152 85 30 123 92 76 111 75 132 59 53 92 80 139 101 70 128 39 137 133 92 93 115 137 58 46 43 87 62 34 99 60 90 0 20 116 84 104 55 96 70 105 45 41 74 60 97 77 1 128 163 19 136 77 65 114 147 69 109 64 109 81 56 
36 151 67 105 77 61 58 82 163 98 47 96 79 7 47 42 140 74 91 57 103 36 123 51 23 130 71 46 10 40 54 142 16 83 43 123 131 80 147 67 13 125 76 92 112 60 112 39 64 104 86 144 81 50 130 53 117 127 113 73 134 118 78 51 63 68 52 28 111 45 104 20 0 96 87 83 52 114 51 86 27 60 91 72 114 56 21 108 161 40 130 67 81 93 127 56 104 49 105 65 51 
103 239 72 60 170 133 136 32 178 163 101 136 155 94 113 118 140 165 170 116 156 127 213 57 72 175 150 102 86 70 80 150 111 174 80 205 158 30 145 63 86 157 56 172 142 61 18 56 141 170 160 179 15 46 159 145 21 126 207 25 224 31 173 132 159 35 102 106 178 66 178 116 96 0 135 20 103 198 48 21 78 153 174 147 198 39 117 20 169 136 127 83 163 20 31 92 116 82 118 78 114 
51 124 147 99 86 35 139 104 80 33 135 11 157 80 134 49 70 135 56 30 20 112 107 124 94 43 149 43 91 71 138 65 81 80 60 85 45 139 77 143 80 39 81 59 28 74 143 98 42 40 164 56 121 106 44 119 148 65 117 110 116 138 97 131 103 100 140 115 46 73 54 84 87 135 0 136 37 82 92 115 109 78 66 40 80 110 84 155 81 90 67 52 57 146 161 143 43 134 42 147 138 
97 231 51 74 160 128 117 42 187 161 82 139 136 83 94 112 151 149 165 113 156 111 204 38 59 178 131 98 73 66 60 159 99 165 77 199 164 10 156 42 76 162 63 167 147 63 39 45 136 168 140 184 19 34 165 129 40 136 196 28 216 52 162 114 146 37 82 89 176 63 174 104 83 20 136 0 101 192 44 32 62 143 168 142 191 28 105 24 179 123 138 85 157 10 47 72 123 63 125 58 95 
17 139 110 81 81 31 109 75 110 60 100 44 128 45 100 26 89 113 68 13 56 83 116 86 56 81 120 6 55 35 101 89 51 80 24 103 78 104 96 106 43 73 56 71 59 43 114 60 40 67 135 92 89 69 77 94 119 78 118 78 127 113 89 101 87 68 104 81 74 37 75 55 52 103 37 101 0 97 57 85 72 67 74 45 96 74 56 122 108 67 81 29 63 112 132 106 53 97 53 110 104 
95 42 181 177 45 66 135 172 143 51 152 91 144 111 144 80 148 108 28 84 71 112 27 165 134 85 137 97 123 127 167 140 98 35 119 9 112 191 155 181 117 105 153 26 103 140 210 146 57 46 150 105 183 157 109 106 216 146 48 172 33 210 55 128 76 164 157 129 44 131 29 96 114 198 82 192 97 0 150 181 141 57 23 51 2 163 96 215 149 84 148 125 34 202 228 166 125 161 124 178 148 
54 190 65 58 122 85 103 30 150 117 76 96 123 48 83 70 117 125 122 69 112 87 165 40 30 134 117 54 43 22 63 123 65 125 32 157 123 47 123 58 40 121 32 124 106 23 62 16 93 124 130 142 33 16 124 104 67 102 159 23 176 66 126 97 113 16 78 70 132 19 131 70 51 48 92 44 57 150 0 34 44 105 126 99 149 18 72 65 143 90 105 44 115 54 79 73 85 62 86 68 86 
86 223 79 41 156 115 133 11 157 144 101 116 153 82 111 102 120 159 153 98 136 120 198 58 63 154 147 84 76 54 83 129 100 159 62 188 137 42 125 70 74 136 34 155 121 42 29 47 124 151 158 158 13 39 138 137 34 105 194 13 209 32 160 128 148 18 103 101 159 50 160 105 86 21 115 32 85 181 34 0 73 139 158 130 180 34 106 41 148 125 107 62 147 38 47 94 95 84 97 84 113 
58 177 40 103 103 87 59 73 181 124 31 116 79 31 39 67 153 87 118 80 126 48 149 25 17 152 73 66 18 46 29 157 43 110 55 150 150 57 160 40 29 145 76 119 131 62 96 28 91 130 85 165 65 34 149 66 100 139 137 60 161 105 103 54 85 59 35 28 137 49 131 45 27 78 109 62 72 141 44 73 0 87 118 99 142 40 47 87 176 63 142 77 108 71 109 34 118 24 119 38 41 
55 90 125 146 17 43 79 133 157 65 95 89 91 60 86 41 147 60 43 59 81 55 62 112 83 107 84 63 71 86 111 144 44 23 80 66 122 141 155 126 67 115 119 42 106 103 168 97 36 67 98 125 138 108 120 51 173 140 54 128 74 171 22 72 26 121 99 72 72 90 58 41 60 153 78 143 67 57 105 139 87 0 37 40 58 115 40 167 159 26 142 96 32 153 184 109 115 105 115 121 90 
71 64 158 155 30 43 116 149 136 40 131 76 127 88 123 56 135 94 10 62 59 92 42 141 110 80 120 74 100 104 144 129 75 20 95 32 102 167 142 158 93 95 131 8 91 117 187 122 34 38 134 100 159 133 100 88 192 131 52 149 52 187 42 109 60 140 135 107 40 108 24 74 91 174 66 168 74 23 126 158 118 37 0 29 23 140 73 191 140 63 133 104 11 179 205 143 108 139 108 155 127 
45 94 139 126 46 14 112 121 117 28 117 50 127 67 113 31 110 100 23 32 41 85 72 120 88 67 119 46 80 77 127 105 60 41 68 57 82 143 117 138 71 75 102 25 67 88 159 98 7 32 134 85 132 109 80 87 164 104 78 122 82 158 57 104 66 113 122 95 39 81 32 60 72 147 40 142 45 51 99 130 99 40 29 0 50 115 60 165 120 58 107 74 19 153 177 128 81 122 80 137 117 
95 44 181 175 47 65 137 171 140 48 153 89 146 112 145 79 146 111 27 83 68 113 30 165 134 82 139 96 124 127 168 137 99 37 118 8 109 191 152 182 117 102 152 25 101 139 210 146 56 44 152 102 182 157 106 108 215 144 51 172 35 209 57 130 78 163 158 130 41 131 27 97 114 198 80 191 96 2 149 180 142 58 23 50 0 163 96 214 147 85 146 124 34 202 227 167 123 162 122 178 149 
69 203 49 69 132 100 99 36 168 134 67 114 119 55 77 84 135 126 137 86 130 88 176 25 32 153 113 71 46 39 50 142 72 137 50 171 142 29 141 41 48 140 47 139 124 41 56 17 108 141 124 161 25 6 143 106 60 120 169 21 188 65 134 94 120 23 69 68 149 37 147 77 56 39 110 28 74 163 18 34 40 115 140 115 163 0 78 52 162 97 122 63 129 38 70 61 103 51 105 53 79 
38 130 85 122 56 52 54 101 164 88 58 94 72 24 52 35 145 58 75 56 96 27 102 72 45 124 64 49 32 57 71 145 6 63 56 105 130 102 153 86 31 124 93 76 111 76 134 61 52 92 80 140 102 71 129 38 138 134 91 94 114 139 56 46 41 88 62 35 99 61 89 1 21 117 84 105 56 96 72 106 47 40 73 60 96 78 0 130 163 18 137 78 65 115 149 70 109 65 110 82 56 
119 255 70 79 184 150 141 52 198 182 105 156 159 107 117 135 161 173 188 135 175 135 229 62 84 195 154 120 98 88 81 170 124 189 98 222 178 30 165 62 100 177 76 189 163 81 27 69 158 189 163 200 33 58 180 153 25 146 221 44 240 42 186 138 171 54 104 114 197 84 196 128 108 20 155 24 122 215 65 41 87 167 191 165 214 52 130 0 189 148 147 102 180 15 26 93 136 85 138 77 117 
126 184 208 111 165 116 217 137 12 100 207 70 236 153 208 128 28 216 130 107 81 191 177 183 159 64 228 115 161 130 203 20 159 159 121 148 37 186 25 202 150 45 116 132 53 120 167 156 123 103 243 47 160 160 40 200 172 43 193 151 182 156 177 209 185 142 210 190 105 129 120 163 161 169 81 179 108 149 143 148 176 159 140 120 147 162 163 189 0 171 41 100 134 187 184 210 59 200 57 210 212 
51 116 100 139 41 55 54 120 170 86 68 101 68 42 60 42 155 45 68 64 98 28 87 89 64 125 61 62 50 74 85 154 24 49 72 93 136 120 163 102 50 129 110 68 118 94 152 79 52 89 76 143 121 90 134 29 157 145 73 113 98 157 39 46 23 107 72 45 95 79 83 19 40 136 90 123 67 84 90 125 63 26 63 58 85 97 18 148 171 0 148 93 57 133 167 82 120 79 120 96 64 
98 188 170 70 152 99 188 96 51 97 173 57 208 122 176 105 13 193 123 84 77 163 174 145 124 75 201 87 129 95 167 24 132 148 87 150 46 146 18 163 118 50 75 126 45 82 126 118 107 102 216 67 119 122 49 175 130 2 185 110 182 114 163 180 165 102 177 159 106 93 119 136 130 127 67 138 81 148 105 107 142 142 133 107 146 122 137 147 41 148 0 64 124 145 142 175 27 164 27 173 180 
41 168 108 51 111 60 126 51 105 83 108 53 146 60 112 55 75 137 97 41 73 103 146 82 59 92 139 33 65 30 103 80 72 110 23 131 79 91 82 102 54 76 29 99 61 22 90 55 70 90 153 98 69 61 79 117 95 61 148 58 156 86 118 118 114 49 112 95 97 29 101 77 67 83 52 85 29 125 44 62 77 96 104 74 124 63 78 102 100 93 64 0 92 95 108 111 41 100 42 110 116 
60 76 148 144 31 32 111 138 130 35 123 67 124 78 116 45 127 92 10 51 53 85 53 131 100 77 116 63 90 93 135 121 66 24 84 42 96 157 134 148 82 89 120 10 83 106 176 111 22 35 131 96 148 122 94 84 181 122 60 138 63 176 44 104 58 129 127 99 40 97 26 65 81 163 57 157 63 34 115 147 108 32 11 19 34 129 65 180 134 57 124 92 0 168 193 135 99 130 98 146 120 
107 242 56 79 171 139 125 49 195 172 89 149 143 93 102 122 158 158 176 124 167 120 215 46 70 187 139 109 83 77 66 167 110 175 87 210 173 15 163 47 86 171 71 177 156 73 36 56 146 179 147 193 26 45 174 138 36 143 206 36 227 51 172 122 156 46 89 98 186 74 185 114 93 20 146 10 112 202 54 38 71 153 179 153 202 38 115 15 187 133 145 95 168 0 40 77 132 70 133 63 102 
133 269 96 72 201 162 165 57 194 191 130 161 183 125 142 149 155 196 200 145 182 157 244 86 103 198 179 131 117 100 107 166 143 204 109 235 178 55 158 87 118 178 79 202 165 89 18 88 171 198 188 200 46 77 180 175 12 141 238 56 255 28 204 161 190 64 129 137 205 96 207 147 127 31 161 47 132 228 79 47 109 184 205 177 227 70 149 26 184 167 142 108 193 40 0 118 136 110 138 103 142 
91 198 23 130 124 118 51 97 215 155 15 150 66 62 28 98 186 88 145 113 159 57 169 36 51 186 63 100 51 80 11 190 69 132 89 175 184 62 193 31 62 179 106 146 165 94 110 57 121 160 70 199 83 58 183 72 112 172 153 82 181 122 120 50 99 84 12 36 167 82 159 69 56 92 143 72 106 166 73 94 34 109 143 128 167 61 70 93 210 82 175 111 135 77 118 0 151 10 152 16 26 
71 167 149 66 126 71 161 83 64 75 148 35 181 96 151 77 35 166 99 57 57 136 150 124 100 64 173 60 103 71 144 39 104 122 62 128 42 129 43 143 92 42 60 102 30 62 118 97 81 81 189 64 105 101 43 147 123 25 159 95 159 110 136 153 138 86 152 132 87 70 97 109 104 116 43 123 53 125 85 95 118 115 108 81 123 103 109 136 59 120 27 41 99 132 136 151 0 141 1 151 154 
82 195 21 119 121 110 55 87 205 147 19 141 73 55 32 91 176 91 140 104 151 57 167 26 41 177 69 91 43 69 6 180 63 128 79 170 174 55 183 25 54 170 95 141 155 83 101 46 114 153 77 190 73 47 174 73 104 162 152 72 178 113 118 54 98 73 19 35 160 71 153 64 49 82 134 63 97 161 62 84 24 105 139 122 162 51 65 85 200 79 164 100 130 70 110 10 141 0 142 16 31 
71 166 150 68 125 71 162 85 63 74 149 33 182 97 151 78 35 166 98 57 56 137 149 125 101 63 174 60 104 72 145 37 105 121 64 127 40 131 42 144 93 40 62 101 28 63 120 98 80 80 189 62 107 103 42 148 125 24 159 97 158 112 135 154 138 87 153 133 85 71 95 109 105 118 42 125 53 124 86 97 119 115 108 80 122 105 110 138 57 120 27 42 98 133 138 152 1 142 0 152 155 
97 212 7 123 137 125 68 89 215 162 32 154 83 70 45 106 185 105 156 118 165 72 183 28 53 191 80 104 57 80 10 190 79 144 90 187 186 48 192 16 68 182 100 157 167 91 97 54 129 168 86 202 71 52 186 88 99 171 168 73 194 110 134 67 114 77 29 50 176 81 169 81 65 78 147 58 110 178 68 84 38 121 155 137 178 53 82 77 210 96 173 110 146 63 103 16 151 16 152 0 43 
87 177 50 144 104 109 24 114 215 144 12 147 41 58 4 90 190 62 131 108 152 36 148 56 57 179 37 97 51 86 36 193 57 113 92 157 182 86 197 57 62 177 117 131 163 103 132 69 109 149 46 194 103 74 181 48 135 177 130 100 160 143 98 24 76 100 13 22 156 89 146 56 51 114 138 95 104 148 86 113 41 90 127 117 149 79 56 117 212 64 180 116 120 102 142 26 154 31 155 43 0 
