50 10
589 265 447 905 897 236 699 412 217 161 913 731 628 452 817 442 953 323 835 682 459 767 212 808 881 953 121 885 315 924 78 989 287 834 646 232 320 286 391 524 712 458 519 759 680 671 332 900 438 803 
0 117 82 72 37 84 76 99 21 75 22 61 27 102 55 105 87 21 88 87 86 121 117 35 89 39 83 96 69 67 80 98 81 47 82 50 52 66 92 60 104 61 102 74 80 15 71 30 28 87 54 
117 0 34 143 82 86 127 132 113 56 107 132 127 179 155 142 198 116 47 111 54 29 160 151 201 156 199 182 93 183 141 39 193 154 197 86 168 146 169 122 161 117 218 178 183 122 49 108 123 48 171 
82 34 0 115 47 68 100 110 79 34 72 101 93 152 122 122 165 81 33 91 39 46 137 116 167 121 164 151 69 149 115 32 158 121 162 55 134 117 141 94 138 88 183 146 151 87 18 75 89 33 136 
72 143 115 0 93 64 149 171 53 86 93 133 46 36 121 40 76 94 97 44 91 131 190 90 80 87 121 163 51 85 11 144 128 48 120 114 74 10 25 21 32 134 134 51 53 87 115 48 100 96 94 
37 82 47 93 0 75 67 85 43 53 25 61 56 128 75 115 124 33 63 89 64 91 109 69 126 74 116 108 66 104 97 61 110 81 114 22 89 90 117 74 122 52 135 108 114 39 34 44 42 62 88 
84 86 68 64 75 0 143 160 66 34 92 135 73 96 139 56 134 98 39 25 31 69 185 117 138 118 161 178 16 133 58 100 163 95 160 97 118 70 87 47 76 128 178 111 114 97 77 56 108 38 131 
76 127 100 149 67 143 0 23 95 118 56 20 103 179 54 179 149 55 127 155 129 146 42 78 148 85 108 58 133 118 156 89 94 118 106 47 109 143 169 134 181 15 125 144 149 63 82 102 50 126 94 
99 132 110 171 85 160 23 0 117 133 77 43 126 202 76 199 172 78 139 174 143 155 27 101 171 108 128 69 152 141 178 92 114 141 127 63 132 166 191 155 202 37 144 167 173 86 92 123 73 138 117 
21 113 79 53 43 66 95 117 0 64 39 81 14 86 75 84 85 41 78 66 74 112 137 51 87 52 96 116 50 72 60 102 96 41 94 62 56 49 75 39 85 80 114 67 72 36 72 9 49 76 66 
75 56 34 86 53 34 118 133 64 0 75 114 76 122 126 88 146 83 13 57 11 48 159 111 149 114 159 161 37 136 84 66 156 102 157 71 121 90 112 66 105 104 177 124 129 85 44 56 92 11 128 
22 107 72 93 25 92 56 77 39 75 0 43 49 124 50 123 107 8 87 101 87 116 97 45 108 51 92 86 80 83 100 82 85 68 90 29 70 88 114 78 125 41 111 96 102 16 58 46 17 85 65 
61 132 101 133 61 135 20 43 81 114 43 0 87 162 34 166 129 40 124 144 125 148 56 58 128 65 88 49 123 98 141 98 75 99 87 46 89 127 152 120 165 16 106 124 130 46 84 89 33 123 74 
27 127 93 46 56 73 103 126 14 76 49 87 0 75 75 82 71 48 90 69 85 125 143 47 74 46 88 118 57 60 55 116 91 27 87 74 45 39 65 37 78 89 105 53 58 40 86 19 54 88 58 
102 179 152 36 128 96 179 202 86 122 124 162 75 0 143 52 69 123 132 73 125 165 218 110 74 106 130 184 85 92 38 181 140 64 129 148 86 37 10 57 27 164 138 50 48 115 151 83 129 131 109 
55 155 122 121 75 139 54 76 75 126 50 34 75 143 0 158 99 42 138 142 137 167 81 32 98 38 53 42 125 66 130 125 41 78 52 69 61 112 134 112 152 49 71 99 105 41 106 85 33 136 42 
105 142 122 40 115 56 179 199 84 88 123 166 82 52 158 0 113 125 95 31 88 123 221 128 118 126 161 200 53 126 29 154 168 88 160 138 114 50 48 45 25 163 174 89 90 120 128 76 133 94 134 
87 198 165 76 124 134 149 172 85 146 107 129 71 69 99 113 0 102 159 119 154 194 180 70 5 63 66 133 119 33 86 185 80 43 66 136 39 66 67 87 93 138 70 24 22 92 156 90 102 157 57 
21 116 81 94 33 98 55 78 41 83 8 40 48 123 42 125 102 0 95 105 94 125 96 37 102 43 83 79 85 76 101 91 77 65 81 36 63 87 113 80 125 41 102 92 97 9 67 49 9 94 57 
88 47 33 97 63 39 127 139 78 13 87 124 90 132 138 95 159 95 0 64 7 35 166 124 162 128 172 172 46 150 94 65 169 116 170 79 134 101 123 77 114 113 190 137 142 98 48 70 104 1 142 
87 111 91 44 89 25 155 174 66 57 101 144 69 73 142 31 119 105 64 0 57 94 198 116 124 116 156 183 23 124 36 123 160 85 155 112 110 53 65 34 51 140 171 95 98 102 98 57 114 63 127 
86 54 39 91 64 31 129 143 74 11 87 125 85 125 137 88 154 94 7 57 0 41 169 122 157 125 169 173 39 146 87 71 167 111 167 81 130 95 116 71 107 115 187 132 136 97 52 66 104 6 139 
121 29 46 131 91 69 146 155 112 48 116 148 125 165 167 123 194 125 35 94 41 0 183 157 198 161 205 197 80 184 127 65 201 151 203 101 169 136 156 112 145 135 223 173 177 129 64 105 133 36 175 
117 160 137 190 109 185 42 27 137 159 97 56 143 218 81 221 180 96 166 198 169 183 0 111 179 118 128 59 175 148 197 120 112 155 127 88 142 183 208 176 222 57 142 179 184 103 120 144 89 165 123 
35 151 116 90 69 117 78 101 51 111 45 58 47 110 32 128 70 37 124 116 122 157 111 0 70 7 48 73 102 40 100 128 45 45 46 73 31 81 101 84 120 68 67 67 73 29 103 61 33 123 20 
89 201 167 80 126 138 148 171 87 149 108 128 74 74 98 118 5 102 162 124 157 198 179 70 0 63 63 131 123 31 91 187 77 46 62 138 39 71 72 92 98 138 66 28 27 93 159 93 102 161 56 
39 156 121 87 74 118 85 108 52 114 51 65 46 106 38 126 63 43 128 116 125 161 118 7 63 0 44 78 102 33 97 134 44 41 42 80 24 77 97 83 117 75 62 61 67 35 108 62 40 126 14 
83 199 164 121 116 161 108 128 96 159 92 88 88 130 53 161 66 83 172 156 169 205 128 48 63 44 0 73 145 37 132 174 16 73 1 118 47 111 124 122 148 103 19 79 82 77 150 105 77 170 30 
96 182 151 163 108 178 58 69 116 161 86 49 118 184 42 200 133 79 172 183 173 197 59 73 131 78 73 0 165 100 172 146 56 119 72 96 99 154 175 154 194 64 84 138 143 81 133 126 70 171 77 
69 93 69 51 66 16 133 152 50 37 80 123 57 85 125 53 119 85 46 23 39 80 175 102 123 102 145 165 0 116 47 101 147 79 144 88 102 56 76 32 68 118 162 95 99 83 74 40 95 45 115 
67 183 149 85 104 133 118 141 72 136 83 98 60 92 66 126 33 76 150 124 146 184 148 40 31 33 37 100 116 0 96 165 49 38 36 112 15 75 86 89 111 108 48 42 45 67 138 80 74 148 24 
80 141 115 11 97 58 156 178 60 84 100 141 55 38 130 29 86 101 94 36 87 127 197 100 91 97 132 172 47 96 0 145 139 59 131 119 85 21 29 22 25 141 145 62 63 95 116 54 108 93 105 
98 39 32 144 61 100 89 92 102 66 82 98 116 181 125 154 185 91 65 123 71 65 120 128 187 134 174 146 101 165 145 0 165 142 172 56 151 144 170 123 169 82 193 169 174 99 29 100 96 65 148 
81 193 158 128 110 163 94 114 96 156 85 75 91 140 41 168 80 77 169 160 167 201 112 45 77 44 16 56 147 49 139 165 0 80 15 109 54 118 134 126 156 90 31 91 94 71 143 106 69 168 33 
47 154 121 48 81 95 118 141 41 102 68 99 27 64 78 88 43 65 116 85 111 151 155 45 46 41 73 119 79 38 59 142 80 0 71 97 26 38 56 51 76 105 86 27 33 55 113 46 68 114 46 
82 197 162 120 114 160 106 127 94 157 90 87 87 129 52 160 66 81 170 155 167 203 127 46 62 42 1 72 144 36 131 172 15 71 0 116 45 110 123 121 147 101 21 79 82 75 148 104 75 169 28 
50 86 55 114 22 97 47 63 62 71 29 46 74 148 69 138 136 36 79 112 81 101 88 73 138 80 118 96 88 112 119 56 109 97 116 0 99 111 137 96 144 34 137 124 130 45 37 65 40 78 93 
52 168 134 74 89 118 109 132 56 121 70 89 45 86 61 114 39 63 134 110 130 169 142 31 39 24 47 99 102 15 85 151 54 26 45 99 0 64 79 76 102 98 61 38 43 54 123 64 62 133 22 
66 146 117 10 90 70 143 166 49 90 88 127 39 37 112 50 66 87 101 53 95 136 183 81 71 77 111 154 56 75 21 144 118 38 110 111 64 0 26 24 39 128 123 42 44 80 115 46 94 100 84 
92 169 141 25 117 87 169 191 75 112 114 152 65 10 134 48 67 113 123 65 116 156 208 101 72 97 124 175 76 86 29 170 134 56 123 137 79 26 0 46 26 154 133 45 44 105 140 72 119 121 101 
60 122 94 21 74 47 134 155 39 66 78 120 37 57 112 45 87 80 77 34 71 112 176 84 92 83 122 154 32 89 22 123 126 51 121 96 76 24 46 0 48 119 137 64 67 75 94 31 88 76 93 
104 161 138 32 122 76 181 202 85 105 125 165 78 27 152 25 93 125 114 51 107 145 222 120 98 117 148 194 68 111 25 169 156 76 147 144 102 39 26 48 0 166 158 71 70 119 141 79 132 113 123 
61 117 88 134 52 128 15 37 80 104 41 16 89 164 49 163 138 41 113 140 115 135 57 68 138 75 103 64 118 108 141 82 90 105 101 34 98 128 154 119 166 0 121 131 137 49 70 87 37 112 85 
102 218 183 134 135 178 125 144 114 177 111 106 105 138 71 174 70 102 190 171 187 223 142 67 66 62 19 84 162 48 145 193 31 86 21 137 61 123 133 137 158 121 0 88 90 96 169 123 96 189 48 
74 178 146 51 108 111 144 167 67 124 96 124 53 50 99 89 24 92 137 95 132 173 179 67 28 61 79 138 95 42 62 169 91 27 79 124 38 42 45 64 71 131 88 0 5 82 139 70 94 136 61 
80 183 151 53 114 114 149 173 72 129 102 130 58 48 105 90 22 97 142 98 136 177 184 73 27 67 82 143 99 45 63 174 94 33 82 130 43 44 44 67 70 137 90 5 0 88 145 75 100 140 65 
15 122 87 87 39 97 63 86 36 85 16 46 40 115 41 120 92 9 98 102 97 129 103 29 93 35 77 81 83 67 95 99 71 55 75 45 54 80 105 75 119 49 96 82 88 0 73 45 13 97 49 
71 49 18 115 34 77 82 92 72 44 58 84 86 151 106 128 156 67 48 98 52 64 120 103 159 108 150 133 74 138 116 29 143 113 148 37 123 115 140 94 141 70 169 139 145 73 0 70 74 47 123 
30 108 75 48 44 56 102 123 9 56 46 89 19 83 85 76 90 49 70 57 66 105 144 61 93 62 105 126 40 80 54 100 106 46 104 65 64 46 72 31 79 87 123 70 75 45 70 0 57 68 75 
28 123 89 100 42 108 50 73 49 92 17 33 54 129 33 133 102 9 104 114 104 133 89 33 102 40 77 70 95 74 108 96 69 68 75 40 62 94 119 88 132 37 96 94 100 13 74 57 0 103 53 
87 48 33 96 62 38 126 138 76 11 85 123 88 131 136 94 157 94 1 63 6 36 165 123 161 126 170 171 45 148 93 65 168 114 169 78 133 100 121 76 113 112 189 136 140 97 47 68 103 0 140 
54 171 136 94 88 131 94 117 66 128 65 74 58 109 42 134 57 57 142 127 139 175 123 20 56 14 30 77 115 24 105 148 33 46 28 93 22 84 101 93 123 85 48 61 65 49 123 75 53 140 0 
