50 7
429 289 561 831 299 911 828 570 677 996 77 803 333 534 638 575 913 947 738 204 787 729 776 692 957 958 472 459 677 833 147 877 864 698 873 101 323 268 914 119 358 103 999 828 458 845 873 120 413 574 
0 49 81 98 75 50 53 42 107 97 60 30 81 18 16 38 81 85 103 71 44 99 60 108 96 92 88 81 105 67 58 55 107 80 30 44 44 97 76 103 84 51 123 99 92 89 56 59 36 104 69 
49 0 100 148 72 66 103 56 71 93 15 20 105 53 39 86 73 79 145 121 6 50 106 65 60 137 137 53 128 53 97 54 156 121 43 94 78 47 91 95 51 100 157 148 131 43 102 70 62 92 118 
81 100 0 118 156 132 86 44 171 42 97 94 160 63 73 67 48 45 72 104 99 142 122 164 160 75 102 78 184 144 130 48 109 55 110 98 122 136 158 51 85 78 192 137 157 142 64 141 45 183 114 
98 148 118 0 147 117 45 115 197 157 158 128 112 99 110 66 153 153 64 27 142 198 60 203 187 50 16 168 126 151 80 133 25 65 117 56 92 195 126 166 174 49 107 28 77 186 57 124 102 174 37 
75 72 156 147 0 31 112 112 60 161 87 65 51 93 83 109 142 148 173 121 69 90 87 76 54 160 144 126 65 20 69 118 165 152 46 94 55 94 30 165 124 115 105 134 93 73 126 22 110 28 110 
50 66 132 117 31 0 81 90 83 144 82 52 39 69 61 79 126 131 143 90 61 100 58 95 75 129 113 116 61 36 41 101 134 123 25 63 24 102 27 148 116 84 92 105 71 85 96 9 86 59 79 
53 103 86 45 112 81 0 72 156 120 112 84 90 54 65 22 112 114 64 20 97 153 40 160 146 49 35 125 111 112 55 90 55 49 75 19 59 150 98 129 129 8 108 53 73 143 24 90 60 141 27 
42 56 44 115 112 90 72 0 127 55 56 49 123 24 29 49 42 45 93 92 54 102 96 121 116 88 101 53 147 99 98 18 115 70 67 74 86 97 118 61 59 65 163 125 130 99 59 99 12 138 96 
107 71 171 197 60 83 156 127 0 162 77 80 111 118 104 145 141 147 210 170 72 49 141 21 11 199 191 114 124 47 125 125 212 186 81 141 107 56 91 161 109 157 165 188 153 36 163 78 131 53 161 
97 93 42 157 161 144 120 55 162 0 84 96 178 79 82 98 20 14 115 139 95 123 150 149 151 117 141 50 202 145 154 43 150 97 119 127 141 116 171 9 58 112 218 173 185 127 100 151 64 185 147 
60 15 97 158 87 82 112 56 77 84 0 33 121 59 47 93 63 69 148 131 21 46 119 67 67 142 146 39 143 67 111 49 164 125 58 105 93 41 107 84 36 109 173 160 146 45 108 86 64 106 129 
30 20 94 128 65 52 84 49 80 96 33 0 90 37 23 68 76 82 130 101 14 69 86 79 69 120 118 64 113 50 78 53 138 106 26 74 60 66 78 99 65 81 140 128 113 59 84 57 50 90 98 
81 105 160 112 51 39 90 123 111 178 121 90 0 99 95 98 162 166 154 91 100 137 53 127 106 139 114 155 24 68 34 136 134 138 63 71 37 139 20 183 155 96 55 92 44 120 111 37 116 69 76 
18 53 63 99 93 69 54 24 118 79 59 37 99 0 14 33 65 69 92 74 49 103 73 116 107 83 87 71 123 83 74 40 104 68 47 52 62 99 95 86 75 49 139 106 106 96 48 77 17 121 76 
16 39 73 110 83 61 65 29 104 82 47 23 95 14 0 46 66 70 106 84 34 90 77 102 93 97 99 65 120 71 75 40 117 82 37 59 59 86 89 88 68 61 140 114 109 82 62 69 27 110 84 
38 86 67 66 109 79 22 49 145 98 93 68 98 33 46 0 89 91 65 42 80 136 55 147 135 53 53 102 120 104 65 67 70 43 66 31 61 132 101 106 107 16 125 76 90 127 17 88 37 137 48 
81 73 48 153 142 126 112 42 141 20 63 76 162 65 66 89 0 6 118 132 75 103 138 129 131 118 137 32 186 125 140 26 149 98 101 116 126 96 154 22 40 105 205 166 172 107 95 133 53 165 138 
85 79 45 153 148 131 114 45 147 14 69 82 166 69 70 91 6 0 116 134 80 109 141 135 137 117 138 37 190 131 143 30 148 96 106 119 130 102 158 17 45 106 208 167 175 113 96 138 55 171 140 
103 145 72 64 173 143 64 93 210 115 148 130 154 92 106 65 118 116 0 67 141 194 103 209 198 15 50 143 174 170 120 107 44 23 131 83 122 190 162 124 150 59 165 91 132 188 47 152 84 202 82 
71 121 104 27 121 90 20 92 170 139 131 101 91 74 84 42 132 134 67 0 115 170 38 176 160 52 23 145 108 124 57 110 44 58 89 29 66 168 102 148 149 27 98 33 64 159 39 98 80 149 15 
44 6 99 142 69 61 97 54 72 95 21 14 100 49 34 80 75 80 141 115 0 55 99 68 61 132 132 57 122 50 91 54 151 117 37 88 72 52 86 97 56 95 152 142 125 47 97 65 59 90 112 
99 50 142 198 90 100 153 102 49 123 46 69 137 103 90 136 103 109 194 170 55 0 151 29 43 187 188 72 155 70 139 94 207 170 85 142 119 7 118 121 66 150 192 196 172 17 152 100 110 96 166 
60 106 122 60 87 58 40 96 141 150 119 86 53 73 77 55 138 141 103 38 99 151 0 151 133 87 61 142 71 94 19 113 81 89 65 24 34 150 65 157 145 48 70 46 35 137 64 65 85 113 23 
108 65 164 203 76 95 160 121 21 149 67 79 127 116 102 147 129 135 209 176 68 29 151 0 21 200 195 100 141 59 136 116 215 185 86 147 117 37 107 148 93 159 182 197 166 22 164 91 127 74 169 
96 60 160 187 54 75 146 116 11 151 67 69 106 107 93 135 131 137 198 160 61 43 133 21 0 188 181 105 120 39 116 114 201 175 71 131 99 49 85 151 99 146 160 179 146 28 152 71 120 53 152 
92 137 75 50 160 129 49 88 199 117 142 120 139 83 97 53 118 117 15 52 132 187 87 200 188 0 35 141 159 158 105 104 34 20 119 69 108 182 148 126 147 45 150 76 117 180 36 139 78 189 67 
88 137 102 16 144 113 35 101 191 141 146 118 114 87 99 53 137 138 50 23 132 188 61 195 181 35 0 154 131 146 80 118 21 49 110 50 89 185 126 150 160 37 116 41 84 178 42 121 88 172 37 
81 53 78 168 126 116 125 53 114 50 39 64 155 71 65 102 32 37 143 145 57 72 142 100 105 141 154 0 178 107 139 36 169 121 91 123 122 65 143 48 7 119 203 177 173 79 112 122 66 145 147 
105 128 184 126 65 61 111 147 124 202 143 113 24 123 120 120 186 190 174 108 122 155 71 141 120 159 131 178 0 85 55 160 150 160 86 92 61 158 37 208 178 118 43 103 50 138 133 57 140 75 93 
67 53 144 151 20 36 112 99 47 145 67 50 68 83 71 104 125 131 170 124 50 70 94 59 39 158 146 107 85 0 77 103 167 147 38 95 60 73 48 148 104 114 123 141 107 53 122 32 99 39 115 
58 97 130 80 69 41 55 98 125 154 111 78 34 74 75 65 140 143 120 57 91 139 19 136 116 105 80 139 55 77 0 113 101 104 54 36 19 139 46 160 141 62 65 64 34 124 77 47 89 94 43 
55 54 48 133 118 101 90 18 125 43 49 53 136 40 40 67 26 30 107 110 54 94 113 116 114 104 118 36 160 103 113 0 132 85 76 92 99 88 128 48 43 83 179 143 146 94 76 108 30 143 114 
107 156 109 25 165 134 55 115 212 150 164 138 134 104 117 70 149 148 44 44 151 207 81 215 201 34 21 169 150 167 101 132 0 53 130 71 110 203 147 159 175 56 132 53 102 197 56 143 103 193 58 
80 121 55 65 152 123 49 70 186 97 125 106 138 68 82 43 98 96 23 58 117 170 89 185 175 20 49 121 160 147 104 85 53 0 109 67 104 166 143 106 128 41 156 88 121 164 27 132 60 181 72 
30 43 110 117 46 25 75 67 81 119 58 26 63 47 37 66 101 106 131 89 37 85 65 86 71 119 110 91 86 38 54 76 130 109 0 60 35 85 52 123 92 76 114 111 88 71 83 32 64 74 82 
44 94 98 56 94 63 19 74 141 127 105 74 71 52 59 31 116 119 83 29 88 142 24 147 131 69 50 123 92 95 36 92 71 67 60 0 40 140 78 134 127 25 94 54 59 130 40 71 63 122 24 
44 78 122 92 55 24 59 86 107 141 93 60 37 62 59 61 126 130 122 66 72 119 34 117 99 108 89 122 61 60 19 99 110 104 35 40 0 119 39 147 124 63 81 81 53 105 76 32 78 82 55 
97 47 136 195 94 102 150 97 56 116 41 66 139 99 86 132 96 102 190 168 52 7 150 37 49 182 185 65 158 73 139 88 203 166 85 140 119 0 121 113 58 147 194 194 172 22 148 102 105 101 164 
76 91 158 126 30 27 98 118 91 171 107 78 20 95 89 101 154 158 162 102 86 118 65 107 85 148 126 143 37 48 46 128 147 143 52 78 39 121 0 176 142 103 75 109 64 101 116 21 112 50 89 
103 95 51 166 165 148 129 61 161 9 84 99 183 86 88 106 22 17 124 148 97 121 157 148 151 126 150 48 208 148 160 48 159 106 123 134 147 113 176 0 55 121 225 182 192 127 109 156 72 187 155 
84 51 85 174 124 116 129 59 109 58 36 65 155 75 68 107 40 45 150 149 56 66 145 93 99 147 160 7 178 104 141 43 175 128 92 127 124 58 142 55 0 124 205 181 176 73 118 121 71 142 151 
51 100 78 49 115 84 8 65 157 112 109 81 96 49 61 16 105 106 59 27 95 150 48 159 146 45 37 119 118 114 62 83 56 41 76 25 63 147 103 121 124 0 117 61 82 141 15 94 53 144 35 
123 157 192 107 105 92 108 163 165 218 173 140 55 139 140 125 205 208 165 98 152 192 70 182 160 150 116 203 43 123 65 179 132 156 114 94 81 194 75 225 205 117 0 79 35 176 132 92 154 118 83 
99 148 137 28 134 105 53 125 188 173 160 128 92 106 114 76 166 167 91 33 142 196 46 197 179 76 41 177 103 141 64 143 53 88 111 54 81 194 109 182 181 61 79 0 52 183 73 111 113 158 30 
92 131 157 77 93 71 73 130 153 185 146 113 44 106 109 90 172 175 132 64 125 172 35 166 146 117 84 173 50 107 34 146 102 121 88 59 53 172 64 192 176 82 35 52 0 156 97 74 120 114 49 
89 43 142 186 73 85 143 99 36 127 45 59 120 96 82 127 107 113 188 159 47 17 137 22 28 180 178 79 138 53 124 94 197 164 71 130 105 22 101 127 73 141 176 183 156 0 144 83 106 79 153 
56 102 64 57 126 96 24 59 163 100 108 84 111 48 62 17 95 96 47 39 97 152 64 164 152 36 42 112 133 122 77 76 56 27 83 40 76 148 116 109 118 15 132 73 97 144 0 105 46 154 50 
59 70 141 124 22 9 90 99 78 151 86 57 37 77 69 88 133 138 152 98 65 100 65 91 71 139 121 122 57 32 47 108 143 132 32 71 32 102 21 156 121 94 92 111 74 83 105 0 95 50 87 
36 62 45 102 110 86 60 12 131 64 64 50 116 17 27 37 53 55 84 80 59 110 85 127 120 78 88 66 140 99 89 30 103 60 64 63 78 105 112 72 71 53 154 113 120 106 46 95 0 137 84 
104 92 183 174 28 59 141 138 53 185 106 90 69 121 110 137 165 171 202 149 90 96 113 74 53 189 172 145 75 39 94 143 193 181 74 122 82 101 50 187 142 144 118 158 114 79 154 50 137 0 136 
69 118 114 37 110 79 27 96 161 147 129 98 76 76 84 48 138 140 82 15 112 166 23 169 152 67 37 147 93 115 43 114 58 72 82 24 55 164 89 155 151 35 83 30 49 153 50 87 84 136 0 
