50 25
290 561 405 961 230 104 844 472 602 495 370 774 721 61 611 121 59 768 592 865 991 822 571 470 482 330 623 629 261 733 440 474 561 645 880 167 493 238 874 366 246 330 839 448 944 383 579 257 107 871 
0 106 89 129 112 96 68 25 72 99 24 88 86 67 101 133 77 87 51 93 47 97 97 31 125 101 75 110 102 50 99 60 101 97 100 32 14 71 60 87 81 51 79 89 46 48 81 89 89 65 80 
106 0 19 169 214 159 69 131 148 175 119 171 158 82 177 176 74 96 149 199 123 155 198 79 21 7 178 171 122 62 37 76 134 143 121 73 103 46 45 67 87 99 178 27 128 116 184 50 72 108 166 
89 19 0 166 196 140 64 114 129 155 101 152 149 63 158 173 56 78 130 182 104 136 184 61 40 18 159 152 121 51 44 70 116 139 120 56 85 40 31 68 85 91 159 10 108 106 169 34 55 89 147 
129 169 166 0 195 223 101 130 198 222 151 207 55 187 223 7 193 209 165 155 176 226 122 147 175 162 171 237 47 120 134 97 230 31 47 139 143 125 142 102 82 84 182 174 174 81 122 189 202 193 199 
112 214 196 195 0 99 177 89 85 79 95 66 140 148 78 195 161 154 66 42 97 107 80 135 235 210 36 103 192 162 211 168 136 172 190 141 111 183 170 196 184 150 38 193 91 135 74 184 173 125 63 
96 159 140 223 99 0 156 94 25 22 72 33 174 77 24 227 87 70 63 119 49 8 149 94 180 158 79 13 198 133 173 151 39 193 196 104 83 149 126 174 174 147 68 132 50 143 134 114 95 50 37 
68 69 64 101 177 156 0 88 136 164 91 155 90 96 166 108 98 118 119 151 108 156 140 63 80 62 142 170 57 24 41 10 148 74 56 53 75 24 42 18 21 34 147 72 110 52 129 89 105 112 147 
25 131 114 130 89 94 88 0 69 91 26 77 79 86 93 133 97 103 36 67 50 98 74 55 150 126 53 107 112 74 123 79 108 100 109 58 32 95 85 107 97 64 59 114 46 53 58 112 110 77 69 
72 148 129 198 85 25 136 69 0 28 48 24 149 70 30 201 81 70 38 97 27 30 125 75 169 146 58 38 175 114 157 130 52 168 173 85 61 131 110 154 152 124 49 122 26 119 110 107 92 43 22 
99 175 155 222 79 22 164 91 28 0 74 16 170 94 2 224 105 90 56 103 55 30 136 103 196 173 64 24 201 142 185 157 62 192 199 113 88 159 138 182 179 150 52 148 54 144 123 131 114 67 24 
24 119 101 151 95 72 91 26 48 74 0 63 104 61 76 155 74 77 29 85 24 74 99 40 139 115 58 86 127 71 119 84 82 120 124 47 17 91 75 110 105 76 59 98 22 71 83 92 86 50 56 
88 171 152 207 66 33 155 77 24 16 63 0 155 94 16 210 106 94 41 87 49 41 120 97 192 169 48 39 189 133 179 147 70 178 186 106 79 152 132 173 169 139 36 146 45 130 107 131 116 67 8 
86 158 149 55 140 174 90 79 149 170 104 155 0 151 171 56 159 172 113 100 129 177 70 111 170 151 116 187 64 97 130 81 186 35 62 106 100 112 119 100 79 58 127 154 125 44 67 163 170 151 146 
67 82 63 187 148 77 96 86 70 94 61 94 151 0 97 192 12 22 84 146 50 73 160 40 102 81 114 89 150 72 100 94 54 155 148 47 54 81 57 110 117 103 110 55 57 109 144 37 25 27 91 
101 177 158 223 78 24 166 93 30 2 76 16 171 97 0 225 108 93 57 103 58 32 136 106 198 175 64 25 203 144 187 159 64 193 200 116 91 162 141 185 182 153 51 151 56 145 123 134 117 70 24 
133 176 173 7 195 227 108 133 201 224 155 210 56 192 225 0 198 214 168 154 179 229 120 152 182 169 172 240 54 126 141 104 234 36 54 144 148 132 148 109 89 89 184 181 177 85 121 196 208 198 201 
77 74 56 193 161 87 98 97 81 105 74 106 159 12 108 198 0 22 96 158 63 82 172 47 94 75 127 98 153 74 97 98 59 162 152 54 65 80 56 110 120 109 122 47 69 116 156 26 12 38 103 
87 96 78 209 154 70 118 103 70 90 77 94 172 22 93 214 22 0 94 158 59 64 176 62 116 97 123 79 172 94 120 117 38 178 170 70 72 102 78 132 140 125 116 69 66 130 160 47 25 29 92 
51 149 130 165 66 63 119 36 38 56 29 41 113 84 57 168 96 94 0 64 34 68 88 69 169 145 30 75 148 100 148 110 87 136 145 76 46 121 105 138 131 99 29 127 28 89 72 118 109 65 33 
93 199 182 155 42 119 151 67 97 103 85 87 100 146 103 154 158 158 64 0 98 126 38 122 218 194 39 127 156 140 188 141 149 133 154 125 98 162 153 169 154 120 51 181 91 103 32 177 171 129 81 
47 123 104 176 97 49 108 50 27 55 24 49 129 50 58 179 63 59 34 98 0 50 118 48 144 120 63 63 149 86 130 102 58 144 147 57 34 104 83 127 125 98 59 98 6 95 102 86 75 30 43 
97 155 136 226 107 8 156 98 30 30 74 41 177 73 32 229 82 64 68 126 50 0 155 92 176 154 86 16 199 132 170 150 32 195 197 103 84 147 124 173 174 148 75 128 52 145 140 108 89 47 45 
97 198 184 122 80 149 140 74 125 136 99 120 70 160 136 120 172 176 88 38 118 155 0 129 215 192 72 159 132 136 181 130 175 105 130 129 107 156 153 156 138 107 85 185 112 88 16 186 184 148 113 
31 79 61 147 135 94 63 55 75 103 40 97 111 40 106 152 47 62 69 122 48 92 129 0 99 75 98 107 112 39 81 59 85 116 110 10 24 55 36 80 82 63 99 59 51 69 113 57 59 49 90 
125 21 40 175 235 180 80 150 169 196 139 192 170 102 198 182 94 116 169 218 144 176 215 99 0 24 198 192 128 78 41 89 154 152 127 93 123 59 65 73 94 113 198 47 149 130 201 69 91 129 187 
101 7 18 162 210 158 62 126 146 173 115 169 151 81 175 169 75 97 145 194 120 154 192 75 24 0 173 170 115 56 31 69 134 136 114 69 98 39 40 60 80 93 174 28 125 109 178 51 73 107 164 
75 178 159 171 36 79 142 53 58 64 58 48 116 114 64 172 127 123 30 39 63 86 72 98 198 173 0 87 162 126 174 132 111 145 159 104 74 147 133 161 150 117 12 156 57 104 60 148 139 93 41 
110 171 152 237 103 13 170 107 38 24 86 39 187 89 25 240 98 79 75 127 63 16 159 107 192 170 87 0 212 147 186 165 44 206 210 118 97 162 140 188 188 161 75 144 63 157 145 124 105 63 46 
102 122 121 47 192 198 57 112 175 201 127 189 64 150 203 54 153 172 148 156 149 199 132 112 128 115 162 212 0 79 87 55 198 31 2 102 115 80 99 55 36 51 170 129 149 58 126 147 161 161 180 
50 62 51 120 162 133 24 74 114 142 71 133 97 72 144 126 74 94 100 140 86 132 136 39 78 56 126 147 79 0 48 23 123 90 77 28 54 21 22 41 45 39 129 56 88 54 123 69 82 88 126 
99 37 44 134 211 173 41 123 157 185 119 179 130 100 187 141 97 120 148 188 130 170 181 81 41 31 174 186 87 48 0 51 155 111 86 72 102 27 46 32 53 75 177 55 133 93 168 78 99 124 172 
60 76 70 97 168 151 10 79 130 157 84 147 81 94 159 104 98 117 110 141 102 150 130 59 89 69 132 165 55 23 51 0 144 69 54 49 68 30 44 28 23 24 138 76 103 42 118 92 106 108 140 
101 134 116 230 136 39 148 108 52 62 82 70 186 54 64 234 59 38 87 149 58 32 175 85 154 134 111 44 198 123 155 144 0 198 195 95 86 134 110 163 168 148 101 106 63 148 159 84 63 36 72 
97 143 139 31 172 193 74 100 168 192 120 178 35 155 193 36 162 178 136 133 144 195 105 116 152 136 145 206 31 90 111 69 198 0 29 108 112 98 112 79 57 52 155 146 142 49 101 160 171 162 169 
100 121 120 47 190 196 56 109 173 199 124 186 62 148 200 54 152 170 145 154 147 197 130 110 127 114 159 210 2 77 86 54 195 29 0 100 113 79 98 54 35 48 168 128 146 56 124 145 160 159 178 
32 73 56 139 141 104 53 58 85 113 47 106 106 47 116 144 54 70 76 125 57 103 129 10 93 69 104 118 102 28 72 49 95 108 100 0 29 46 28 70 72 55 106 56 60 62 114 58 64 59 99 
14 103 85 143 111 83 75 32 61 88 17 79 100 54 91 148 65 72 46 98 34 84 107 24 123 98 74 97 115 54 102 68 86 112 113 29 0 74 58 94 91 64 76 83 34 62 91 79 77 50 72 
71 46 40 125 183 149 24 95 131 159 91 152 112 81 162 132 80 102 121 162 104 147 156 55 59 39 147 162 80 21 27 30 134 98 79 46 74 0 24 30 44 53 150 48 106 71 143 67 85 101 145 
60 45 31 142 170 126 42 85 110 138 75 132 119 57 141 148 56 78 105 153 83 124 153 36 65 40 133 140 99 22 46 44 110 112 98 28 58 24 0 53 64 62 134 34 87 75 139 47 62 77 126 
87 67 68 102 196 174 18 107 154 182 110 173 100 110 185 109 110 132 138 169 127 173 156 80 73 60 161 188 55 41 32 28 163 79 54 70 94 30 53 0 21 49 166 77 128 67 145 98 115 128 166 
81 87 85 82 184 174 21 97 152 179 105 169 79 117 182 89 120 140 131 154 125 174 138 82 94 80 150 188 36 45 53 23 168 57 35 72 91 44 64 21 0 34 157 93 125 51 128 111 127 132 161 
51 99 91 84 150 147 34 64 124 150 76 139 58 103 153 89 109 125 99 120 98 148 107 63 113 93 117 161 51 39 75 24 148 52 48 55 64 53 62 49 34 0 124 96 98 18 96 108 118 111 131 
79 178 159 182 38 68 147 59 49 52 59 36 127 110 51 184 122 116 29 51 59 75 85 99 198 174 12 75 170 129 177 138 101 155 168 106 76 150 134 166 157 124 0 155 53 112 72 145 134 87 30 
89 27 10 174 193 132 72 114 122 148 98 146 154 55 151 181 47 69 127 181 98 128 185 59 47 28 156 144 129 56 55 76 106 146 128 56 83 48 34 77 93 96 155 0 104 110 170 23 45 81 142 
46 128 108 174 91 50 110 46 26 54 22 45 125 57 56 177 69 66 28 91 6 52 112 51 149 125 57 63 149 88 133 103 63 142 146 60 34 106 87 128 125 98 53 104 0 93 97 92 82 37 39 
48 116 106 81 135 143 52 53 119 144 71 130 44 109 145 85 116 130 89 103 95 145 88 69 130 109 104 157 58 54 93 42 148 49 56 62 62 71 75 67 51 18 112 110 93 0 77 119 127 112 122 
81 184 169 122 74 134 129 58 110 123 83 107 67 144 123 121 156 160 72 32 102 140 16 113 201 178 60 145 126 123 168 118 159 101 124 114 91 143 139 145 128 96 72 170 97 77 0 170 168 132 99 
89 50 34 189 184 114 89 112 107 131 92 131 163 37 134 196 26 47 118 177 86 108 186 57 69 51 148 124 147 69 78 92 84 160 145 58 79 67 47 98 111 108 145 23 92 119 170 0 22 64 128 
89 72 55 202 173 95 105 110 92 114 86 116 170 25 117 208 12 25 109 171 75 89 184 59 91 73 139 105 161 82 99 106 63 171 160 64 77 85 62 115 127 118 134 45 82 127 168 22 0 48 114 
65 108 89 193 125 50 112 77 43 67 50 67 151 27 70 198 38 29 65 129 30 47 148 49 129 107 93 63 161 88 124 108 36 162 159 59 50 101 77 128 132 111 87 81 37 112 132 64 48 0 65 
80 166 147 199 63 37 147 69 22 24 56 8 146 91 24 201 103 92 33 81 43 45 113 90 187 164 41 46 180 126 172 140 72 169 178 99 72 145 126 166 161 131 30 142 39 122 99 128 114 65 0 
