50 20
347 176 241 483 896 949 325 854 485 700 824 381 339 741 475 433 161 991 348 772 588 461 236 983 976 542 524 742 913 128 801 813 434 799 235 921 213 683 386 141 991 831 925 230 282 211 878 663 582 729 
0 98 42 62 56 80 87 68 50 86 79 81 104 79 60 68 46 111 71 118 97 46 103 30 64 62 104 49 48 91 39 102 32 79 61 87 38 76 97 109 48 110 125 90 88 92 71 26 112 123 60 
98 0 128 41 107 147 143 125 146 173 88 50 77 34 93 110 130 73 77 54 191 103 198 106 144 154 70 62 52 185 107 184 124 166 149 129 99 120 152 52 115 110 104 28 182 165 166 110 188 197 130 
42 128 0 98 39 108 53 40 25 97 121 121 108 117 54 107 71 117 73 157 96 34 69 67 22 26 111 67 76 57 25 60 54 92 21 61 77 52 128 149 83 99 120 113 90 115 72 59 129 142 90 
62 41 98 0 89 106 127 107 112 131 55 27 90 18 80 71 89 90 73 59 150 82 165 65 118 123 85 46 29 153 82 158 85 125 120 117 58 107 113 52 74 115 117 49 141 124 126 70 147 156 89 
56 107 39 89 0 135 37 18 64 133 129 116 70 106 17 124 100 80 37 148 134 9 102 86 42 62 74 45 61 92 18 78 83 127 53 31 93 20 154 141 105 60 80 86 128 146 110 81 163 175 116 
80 147 108 106 135 0 160 144 95 40 71 104 181 115 141 40 36 185 149 135 69 126 133 51 128 111 179 124 114 124 117 155 54 37 118 165 50 154 22 127 34 190 203 153 61 18 60 54 41 50 20 
87 143 53 127 37 160 0 19 72 149 164 153 92 144 50 156 124 103 68 185 144 45 90 116 37 62 98 82 98 82 48 53 106 144 51 20 125 23 181 179 134 67 91 120 140 168 122 109 182 194 142 
68 125 40 107 18 144 19 0 63 137 144 134 81 125 33 137 108 92 52 166 135 25 92 98 32 56 86 63 79 83 29 63 91 132 46 21 106 14 164 159 116 63 86 103 130 153 111 92 169 181 126 
50 146 25 112 64 95 72 63 0 77 124 131 133 130 80 104 61 142 98 169 72 59 53 66 35 15 135 89 94 40 50 60 45 73 23 84 77 77 117 160 78 124 145 134 67 99 49 57 110 123 81 
86 173 97 131 133 40 149 137 77 0 107 135 191 144 143 77 43 197 156 170 28 125 102 67 113 91 190 135 130 94 115 131 53 6 100 159 73 149 59 161 59 192 209 172 21 30 29 64 33 45 46 
79 88 121 55 129 71 164 144 124 107 0 38 145 54 125 30 73 146 123 64 133 119 175 58 144 138 140 95 78 163 116 181 81 102 140 160 47 149 68 56 52 167 172 103 124 89 115 67 111 117 61 
81 50 121 27 116 104 153 134 131 135 38 0 115 16 107 64 95 114 100 37 158 108 184 74 142 143 109 74 56 172 108 182 96 129 142 145 64 134 105 28 76 141 143 69 149 122 136 81 145 153 89 
104 77 108 90 70 181 92 81 133 191 145 115 0 99 53 155 150 10 35 132 198 73 172 130 112 132 8 56 69 162 83 144 137 184 123 72 131 69 194 128 146 35 27 50 191 196 172 129 216 228 160 
79 34 117 18 106 115 144 125 130 144 54 16 99 0 96 77 102 97 87 41 164 99 183 79 136 141 93 62 45 171 100 177 100 137 138 134 70 124 119 34 85 127 127 52 155 133 141 85 156 165 99 
60 93 54 80 17 141 50 33 80 143 125 107 53 96 0 124 106 63 20 137 147 20 120 90 60 79 56 33 50 109 30 96 91 137 70 38 95 28 157 130 108 49 66 69 141 153 122 86 171 183 121 
68 110 107 71 124 40 156 137 104 77 30 64 155 77 124 0 47 158 128 94 103 114 152 40 130 120 151 100 86 141 108 164 59 71 123 155 30 144 42 86 26 171 180 120 94 59 87 48 81 88 31 
46 130 71 89 100 36 124 108 61 43 73 95 150 102 106 47 0 156 117 131 62 91 105 23 92 77 149 94 88 95 82 122 17 36 83 129 31 119 56 123 21 156 171 129 53 46 42 21 65 77 19 
111 73 117 90 80 185 103 92 142 197 146 114 10 97 63 158 156 0 44 128 206 82 183 135 122 142 6 62 72 172 92 155 143 191 133 83 135 80 198 125 151 45 31 46 198 201 180 135 222 233 165 
71 77 73 73 37 149 68 52 98 156 123 100 35 87 20 128 117 44 0 126 163 39 140 98 80 98 37 28 45 129 48 115 103 150 90 52 101 44 164 120 115 43 54 52 156 163 137 96 183 195 129 
118 54 157 59 148 135 185 166 169 170 64 37 132 41 137 94 131 128 126 0 194 141 222 111 177 180 124 103 87 209 142 218 134 164 178 175 100 165 132 8 111 163 159 82 184 153 173 118 175 182 123 
97 191 96 150 134 69 144 135 72 28 133 158 198 164 147 103 62 206 163 194 0 128 81 85 106 82 199 146 144 76 118 116 66 32 92 156 94 148 87 185 82 195 214 187 9 58 25 80 54 64 72 
46 103 34 82 9 126 45 25 59 125 119 108 73 99 20 114 91 82 39 141 128 0 101 77 42 59 76 40 54 90 10 81 74 119 51 41 84 29 144 134 95 67 86 83 121 137 102 72 154 166 106 
103 198 69 165 102 133 90 92 53 102 175 184 172 183 120 152 105 183 140 222 81 101 0 116 60 43 177 137 145 12 94 42 94 101 50 108 128 106 155 213 126 155 178 183 82 130 73 107 134 144 124 
30 106 67 65 86 51 116 98 66 67 58 74 130 79 90 40 23 135 98 111 85 77 116 0 89 81 128 73 64 104 70 124 23 60 83 118 11 107 67 102 18 139 152 106 76 66 62 8 87 98 30 
64 144 22 118 42 128 37 32 35 113 144 142 112 136 60 130 92 122 80 177 106 42 60 89 0 25 116 81 93 50 37 40 75 108 14 52 100 46 149 169 105 96 119 126 102 133 85 81 146 158 111 
62 154 26 123 62 111 62 56 15 91 138 143 132 141 79 120 77 142 98 180 82 59 43 81 25 0 136 94 102 31 51 44 61 87 11 77 92 70 133 172 94 120 142 139 78 114 62 72 124 136 97 
104 70 111 85 74 179 98 86 135 190 140 109 8 93 56 151 149 6 37 124 199 76 177 128 116 136 0 55 65 166 85 149 136 184 127 79 128 75 191 121 144 43 34 42 191 194 173 128 215 226 158 
49 62 67 46 45 124 82 63 89 135 95 74 56 62 33 100 94 62 28 103 146 40 137 73 81 94 55 0 17 125 44 121 82 129 88 71 74 61 137 97 89 71 80 45 138 139 120 72 159 171 104 
48 52 76 29 61 114 98 79 94 130 78 56 69 45 50 86 88 72 45 87 144 54 145 64 93 102 65 17 0 133 56 133 78 124 97 88 63 78 126 80 79 88 94 42 136 130 119 66 152 162 94 
91 185 57 153 92 124 82 83 40 94 163 172 162 171 109 141 95 172 129 209 76 90 12 104 50 31 166 125 133 0 82 40 82 93 39 100 116 96 146 201 114 146 169 171 76 122 65 95 127 138 114 
39 107 25 82 18 117 48 29 50 115 116 108 83 100 30 108 82 92 48 142 118 10 94 70 37 51 85 44 56 82 0 77 65 109 43 48 77 37 136 134 88 77 96 89 111 128 92 64 145 157 98 
102 184 60 158 78 155 53 63 60 131 181 182 144 177 96 164 122 155 115 218 116 81 42 124 40 44 149 121 133 40 77 0 106 128 41 74 136 74 177 210 138 121 145 164 115 157 102 116 165 176 142 
32 124 54 85 83 54 106 91 45 53 81 96 137 100 91 59 17 143 103 134 66 74 94 23 75 61 136 82 78 82 65 106 0 47 66 112 34 101 74 125 32 140 156 120 57 63 41 15 80 93 36 
79 166 92 125 127 37 144 132 73 6 102 129 184 137 137 71 36 191 150 164 32 119 101 60 108 87 184 129 124 93 109 128 47 0 96 154 66 144 57 155 52 186 203 166 23 29 27 57 37 49 40 
61 149 21 120 53 118 51 46 23 100 140 142 123 138 70 123 83 133 90 178 92 51 50 83 14 11 127 88 97 39 43 41 66 96 0 66 94 60 140 170 98 109 132 133 89 122 72 75 134 146 103 
87 129 61 117 31 165 20 21 84 159 160 145 72 134 38 155 129 83 52 175 156 41 108 118 52 77 79 71 88 100 48 74 112 154 66 0 125 11 184 168 136 47 71 104 152 175 133 112 190 203 146 
38 99 77 58 93 50 125 106 77 73 47 64 131 70 95 30 31 135 101 100 94 84 128 11 100 92 128 74 63 116 77 136 34 66 94 125 0 114 63 91 16 143 154 102 85 67 72 20 89 99 31 
76 120 52 107 20 154 23 14 77 149 149 134 69 124 28 144 119 80 44 165 148 29 106 107 46 70 75 61 78 96 37 74 101 144 60 11 114 0 173 158 125 49 72 96 143 164 124 101 181 193 135 
97 152 128 113 154 22 181 164 117 59 68 105 194 119 157 42 56 198 164 132 87 144 155 67 149 133 191 137 126 146 136 177 74 57 140 184 63 173 0 124 49 206 218 162 80 29 82 72 46 50 38 
109 52 149 52 141 127 179 159 160 161 56 28 128 34 130 86 123 125 120 8 185 134 213 102 169 172 121 97 80 201 134 210 125 155 170 168 91 158 124 0 103 159 156 79 176 145 164 110 167 174 115 
48 115 83 74 105 34 134 116 78 59 52 76 146 85 108 26 21 151 115 111 82 95 126 18 105 94 144 89 79 114 88 138 32 52 98 136 16 125 49 103 0 157 169 119 72 51 63 24 73 83 14 
110 110 99 115 60 190 67 63 124 192 167 141 35 127 49 171 156 45 43 163 195 67 155 139 96 120 43 71 88 146 77 121 140 186 109 47 143 49 206 159 157 0 24 82 188 202 170 136 221 233 170 
125 104 120 117 80 203 91 86 145 209 172 143 27 127 66 180 171 31 54 159 214 86 178 152 119 142 34 80 94 169 96 145 156 203 132 71 154 72 218 156 169 24 0 77 208 217 189 150 237 249 183 
90 28 113 49 86 153 120 103 134 172 103 69 50 52 69 120 129 46 52 82 187 83 183 106 126 139 42 45 42 171 89 164 120 166 133 104 102 96 162 79 119 82 77 0 178 170 161 108 192 202 134 
88 182 90 141 128 61 140 130 67 21 124 149 191 155 141 94 53 198 156 184 9 121 82 76 102 78 191 138 136 76 111 115 57 23 89 152 85 143 80 176 72 188 208 178 0 51 18 71 51 61 63 
92 165 115 124 146 18 168 153 99 30 89 122 196 133 153 59 46 201 163 153 58 137 130 66 133 114 194 139 130 122 128 157 63 29 122 175 67 164 29 145 51 202 217 170 51 0 56 67 22 32 36 
71 166 72 126 110 60 122 111 49 29 115 136 172 141 122 87 42 180 137 173 25 102 73 62 85 62 173 120 119 65 92 102 41 27 72 133 72 124 82 164 63 170 189 161 18 56 0 56 63 74 56 
26 110 59 70 81 54 109 92 57 64 67 81 129 85 86 48 21 135 96 118 80 72 107 8 81 72 128 72 66 95 64 116 15 57 75 112 20 101 72 110 24 136 150 108 71 67 56 0 87 98 34 
112 188 129 147 163 41 182 169 110 33 111 145 216 156 171 81 65 222 183 175 54 154 134 87 146 124 215 159 152 127 145 165 80 37 134 190 89 181 46 167 73 221 237 192 51 22 63 87 0 12 58 
123 197 142 156 175 50 194 181 123 45 117 153 228 165 183 88 77 233 195 182 64 166 144 98 158 136 226 171 162 138 157 176 93 49 146 203 99 193 50 174 83 233 249 202 61 32 74 98 12 0 68 
60 130 90 89 116 20 142 126 81 46 61 89 160 99 121 31 19 165 129 123 72 106 124 30 111 97 158 104 94 114 98 142 36 40 103 146 31 135 38 115 14 170 183 134 63 36 56 34 58 68 0 
