50 5
249 534 600 266 495 293 657 322 751 858 493 113 775 965 170 885 626 261 318 786 520 745 337 356 746 268 660 824 89 841 254 940 75 211 267 92 841 707 622 158 772 865 111 392 146 408 235 111 148 898 
0 65 28 28 45 112 69 129 77 100 88 95 70 86 104 63 96 93 12 35 101 82 92 120 132 25 69 127 47 113 40 56 73 83 81 99 70 68 38 95 66 94 91 92 65 96 99 90 99 51 127 
65 0 51 89 28 77 100 86 142 152 25 160 28 69 151 45 149 62 59 85 67 72 55 98 85 81 107 77 21 162 104 65 117 124 111 73 35 35 91 157 45 80 134 157 113 161 115 155 134 115 171 
28 51 0 40 24 85 94 102 94 101 76 117 46 58 101 35 124 65 15 63 73 94 65 130 105 32 95 101 30 111 57 30 67 75 66 71 70 69 66 121 71 66 85 108 62 114 78 109 125 77 122 
28 89 40 0 64 121 88 139 53 73 113 77 86 90 77 73 98 101 30 51 109 110 103 148 143 9 84 140 69 86 16 57 49 59 64 105 98 96 50 85 94 95 67 68 39 73 86 68 113 43 100 
45 28 24 64 0 71 100 86 117 123 54 139 24 51 122 25 139 52 35 75 59 87 49 119 88 55 103 82 8 133 80 38 88 95 82 61 56 54 80 140 61 62 105 132 85 137 89 132 133 97 142 
112 77 85 121 71 0 171 20 170 150 88 198 50 32 144 49 209 19 101 146 11 150 22 174 26 111 175 29 74 155 137 64 116 117 95 17 113 113 150 205 123 33 126 183 120 190 81 186 205 162 156 
69 100 94 88 100 171 0 184 110 156 110 105 121 150 163 124 58 153 81 36 160 52 149 82 185 91 11 177 96 170 87 125 137 147 150 161 76 75 39 85 63 160 155 121 127 121 169 113 33 66 186 
129 86 102 139 86 20 184 0 189 171 91 217 62 52 165 67 225 38 118 161 30 158 37 178 6 130 189 14 87 176 156 84 137 137 115 38 120 120 166 223 131 54 146 203 140 209 100 206 218 179 176 
77 142 94 53 117 170 110 189 0 59 165 33 140 138 69 125 88 151 83 79 159 148 154 186 194 62 101 191 122 71 37 105 65 72 91 153 146 144 74 56 139 140 72 14 56 20 116 16 121 43 89 
100 152 101 73 123 150 156 171 59 0 177 90 138 119 11 118 146 136 98 120 142 183 141 221 176 75 150 177 130 13 68 93 35 33 56 133 169 167 117 115 166 117 25 61 38 68 77 70 174 94 31 
88 25 76 113 54 88 110 91 165 177 0 181 48 88 177 68 163 77 83 103 80 70 69 87 89 106 118 79 46 188 128 90 143 149 135 89 34 35 109 176 48 99 160 180 139 184 138 178 142 136 196 
95 160 117 77 139 198 105 217 33 90 181 0 163 166 101 150 67 179 103 83 186 151 180 186 220 86 94 217 142 101 60 133 98 105 123 181 157 155 77 28 148 170 105 29 88 23 148 19 107 45 119 
70 28 46 86 24 50 121 62 140 138 48 163 0 40 136 21 163 34 59 99 39 100 28 127 64 77 126 57 25 147 103 45 102 108 90 45 64 64 104 165 73 52 118 154 101 160 90 155 155 121 153 
86 69 58 90 51 32 150 52 138 119 88 166 40 0 114 26 182 17 73 121 23 138 24 167 57 80 152 58 57 125 106 32 84 86 64 15 103 103 124 175 111 11 95 151 87 158 55 154 182 132 127 
104 151 101 77 122 144 163 165 69 11 177 101 136 114 0 115 156 131 100 127 137 187 137 225 170 78 157 172 130 11 75 90 34 28 49 127 170 169 124 126 169 111 18 72 39 80 68 81 183 102 22 
63 45 35 73 25 49 124 67 125 118 68 150 21 26 115 0 159 30 51 97 37 111 29 142 70 64 127 66 31 126 90 24 82 87 69 37 78 78 100 156 85 37 97 139 82 145 69 141 157 112 132 
96 149 124 98 139 209 58 225 88 146 163 67 163 182 156 159 0 190 109 64 197 110 188 138 227 106 47 221 138 159 88 152 140 150 161 196 131 129 59 39 119 190 154 93 130 89 185 83 43 56 177 
93 62 65 101 52 19 153 38 151 136 77 179 34 17 131 30 190 0 81 126 7 134 8 161 42 92 156 41 56 142 118 46 101 103 81 11 98 98 130 186 107 24 112 165 103 171 72 168 186 142 144 
12 59 15 30 35 101 81 118 83 98 83 103 59 73 100 51 109 81 0 48 89 88 80 125 120 23 80 116 39 110 45 44 68 77 73 87 70 68 50 106 68 81 86 98 61 102 89 97 111 62 122 
35 85 63 51 75 146 36 161 79 120 103 83 99 121 127 97 64 126 48 0 134 69 124 106 163 54 33 157 74 134 51 92 100 111 114 134 74 72 6 73 64 129 118 92 90 94 134 87 64 38 150 
101 67 73 109 59 11 160 30 159 142 80 186 39 23 137 37 197 7 89 134 0 140 11 165 35 100 163 35 63 148 126 53 107 109 87 11 103 103 138 194 113 27 118 172 110 179 76 175 193 150 149 
82 72 94 110 87 150 52 158 148 183 70 151 100 138 187 111 110 134 88 69 140 0 128 38 157 108 63 148 80 195 116 122 155 165 160 145 37 37 75 136 26 149 174 162 147 163 173 156 78 107 209 
92 55 65 103 49 22 149 37 154 141 69 180 28 24 137 29 188 8 80 124 11 128 0 153 40 93 153 37 52 148 119 49 106 109 88 19 91 91 129 186 101 33 118 168 108 174 80 170 182 142 151 
120 98 130 148 119 174 82 178 186 221 87 186 127 167 225 142 138 161 125 106 165 38 153 0 176 146 94 166 111 234 155 156 193 202 196 172 63 64 112 168 58 178 212 199 185 200 207 192 99 144 247 
132 85 105 143 88 26 185 6 194 176 89 220 64 57 170 70 227 42 120 163 35 157 40 176 0 134 190 10 89 182 160 88 142 143 121 43 119 119 168 226 131 59 152 207 145 214 106 210 218 182 182 
25 81 32 9 55 111 91 130 62 75 106 86 77 80 78 64 106 92 23 54 100 108 93 146 134 0 88 130 61 88 25 48 47 57 59 95 93 91 54 94 90 86 66 76 39 82 80 77 118 52 101 
69 107 95 84 103 175 11 189 101 150 118 94 126 152 157 127 47 156 80 33 163 63 153 94 190 88 0 183 101 163 81 125 133 143 147 164 85 83 34 74 72 161 150 112 122 111 167 104 30 58 180 
127 77 101 140 82 29 177 14 191 177 79 217 57 58 172 66 221 41 116 157 35 148 37 166 10 130 183 0 82 183 156 87 142 144 122 45 110 110 162 222 122 62 153 205 145 212 110 207 211 178 184 
47 21 30 69 8 74 96 87 122 130 46 142 25 57 130 31 138 56 39 74 63 80 52 111 89 61 101 82 0 141 84 46 96 103 90 66 48 47 79 142 53 69 113 137 92 142 97 136 130 99 150 
113 162 111 86 133 155 170 176 71 13 188 101 147 125 11 126 159 142 110 134 148 195 148 234 182 88 163 183 141 0 82 102 45 39 60 138 180 179 130 127 178 122 30 71 49 78 78 81 188 107 18 
40 104 57 16 80 137 87 156 37 68 128 60 103 106 75 90 88 118 45 51 126 116 119 155 160 25 81 156 84 82 0 73 53 63 73 121 110 108 48 70 104 110 69 52 42 57 97 52 108 31 98 
56 65 30 57 38 64 125 84 105 93 90 133 45 32 90 24 152 46 44 92 53 122 49 156 88 48 125 87 46 102 73 0 58 62 45 47 94 93 95 143 98 38 72 119 58 125 50 121 156 100 108 
73 117 67 49 88 116 137 137 65 35 143 98 102 84 34 82 140 101 68 100 107 155 106 193 142 47 133 142 96 45 53 58 0 10 26 99 137 135 98 117 136 83 18 74 10 82 51 81 161 84 55 
83 124 75 59 95 117 147 137 72 33 149 105 108 86 28 87 150 103 77 111 109 165 109 202 143 57 143 144 103 39 63 62 10 0 23 99 146 144 109 126 145 84 10 80 20 88 46 87 171 94 46 
81 111 66 64 82 95 150 115 91 56 135 123 90 64 49 69 161 81 73 114 87 160 88 196 121 59 147 122 90 60 73 45 26 23 0 77 136 135 113 141 138 61 30 100 34 108 25 107 177 105 63 
99 73 71 105 61 17 161 38 153 133 89 181 45 15 127 37 196 11 87 134 11 145 19 172 43 95 164 45 66 138 121 47 99 99 77 0 109 109 137 190 118 16 108 166 102 173 65 169 194 146 139 
70 35 70 98 56 113 76 120 146 169 34 157 64 103 170 78 131 98 70 74 103 37 91 63 119 93 85 110 48 180 110 94 137 146 136 109 0 1 81 148 13 115 155 160 131 163 145 157 108 111 192 
68 35 69 96 54 113 75 120 144 167 35 155 64 103 169 78 129 98 68 72 103 37 91 64 119 91 83 110 47 179 108 93 135 144 135 109 1 0 79 146 12 114 154 158 129 161 144 155 106 109 190 
38 91 66 50 80 150 39 166 74 117 109 77 104 124 124 100 59 130 50 6 138 75 129 112 168 54 34 162 79 130 48 95 98 109 113 137 81 79 0 67 71 132 116 87 88 88 134 80 63 32 147 
95 157 121 85 140 205 85 223 56 115 176 28 165 175 126 156 39 186 106 73 194 136 186 168 226 94 74 222 142 127 70 143 117 126 141 190 148 146 67 0 137 181 128 57 107 52 166 47 81 43 145 
66 45 71 94 61 123 63 131 139 166 48 148 73 111 169 85 119 107 68 64 113 26 101 58 131 90 72 122 53 178 104 98 136 145 138 118 13 12 71 137 0 122 155 153 129 156 149 149 94 102 191 
94 80 66 95 62 33 160 54 140 117 99 170 52 11 111 37 190 24 81 129 27 149 33 178 59 86 161 62 69 122 110 38 83 84 61 16 115 114 132 181 122 0 92 153 88 160 48 157 192 138 122 
91 134 85 67 105 126 155 146 72 25 160 105 118 95 18 97 154 112 86 118 118 174 118 212 152 66 150 153 113 30 69 72 18 10 30 108 155 154 116 128 155 92 0 79 27 86 51 87 177 98 36 
92 157 108 68 132 183 121 203 14 61 180 29 154 151 72 139 93 165 98 92 172 162 168 199 207 76 112 205 137 71 52 119 74 80 100 166 160 158 87 57 153 153 79 0 66 7 125 10 130 55 89 
65 113 62 39 85 120 127 140 56 38 139 88 101 87 39 82 130 103 61 90 110 147 108 185 145 39 122 145 92 49 42 58 10 20 34 102 131 129 88 107 129 88 27 66 0 74 60 72 150 73 61 
96 161 114 73 137 190 121 209 20 68 184 23 160 158 80 145 89 171 102 94 179 163 174 200 214 82 111 212 142 78 57 125 82 88 108 173 163 161 88 52 156 160 86 7 74 0 133 7 127 55 96 
99 115 78 86 89 81 169 100 116 77 138 148 90 55 68 69 185 72 89 134 76 173 80 207 106 80 167 110 97 78 97 50 51 46 25 65 145 144 134 166 149 48 51 125 60 133 0 132 197 128 76 
90 155 109 68 132 186 113 206 16 70 178 19 155 154 81 141 83 168 97 87 175 156 170 192 210 77 104 207 136 81 52 121 81 87 107 169 157 155 80 47 149 157 87 10 72 7 132 0 120 48 99 
99 134 125 113 133 205 33 218 121 174 142 107 155 182 183 157 43 186 111 64 193 78 182 99 218 118 30 211 130 188 108 156 161 171 177 194 108 106 63 81 94 192 177 130 150 127 197 120 0 80 205 
51 115 77 43 97 162 66 179 43 94 136 45 121 132 102 112 56 142 62 38 150 107 142 144 182 52 58 178 99 107 31 100 84 94 105 146 111 109 32 43 102 138 98 55 73 55 128 48 80 0 124 
127 171 122 100 142 156 186 176 89 31 196 119 153 127 22 132 177 144 122 150 149 209 151 247 182 101 180 184 150 18 98 108 55 46 63 139 192 190 147 145 191 122 36 89 61 96 76 99 205 124 0 
