100 10
646 965 289 890 559 638 119 357 346 215 479 723 841 159 613 888 141 496 936 984 959 296 958 467 975 783 340 522 132 492 310 709 304 572 494 584 134 508 369 165 983 482 148 439 658 136 415 132 439 247 847 440 615 858 63 540 598 930 802 329 111 224 563 396 888 175 314 946 215 372 132 90 939 523 240 151 666 460 208 552 593 97 223 458 187 575 596 160 678 153 284 294 714 193 123 947 172 740 815 94 
0 58 104 117 37 51 51 85 38 12 97 105 49 99 113 93 90 56 93 75 93 85 107 61 97 49 102 122 80 96 133 95 26 61 112 93 59 76 117 11 70 94 102 103 89 75 57 70 45 72 131 124 54 69 57 99 88 59 58 83 117 102 60 82 20 104 84 80 37 102 43 70 62 126 50 109 113 90 39 107 54 80 36 76 103 95 92 108 38 80 33 87 57 124 57 97 133 26 96 96 93 
58 0 119 173 89 107 37 71 75 68 89 149 81 144 164 138 139 100 47 37 140 65 120 27 152 89 159 67 121 132 189 145 82 60 153 93 117 118 174 64 45 56 114 145 65 128 96 89 13 80 159 158 45 116 56 153 146 66 91 135 146 102 26 129 75 154 50 25 70 100 23 114 6 73 103 113 98 32 31 106 84 37 53 29 137 151 146 136 27 126 90 64 17 74 104 155 124 72 45 149 132 
104 119 0 181 132 131 142 57 143 99 196 73 154 192 193 187 178 156 165 93 77 67 211 94 110 152 165 136 178 197 193 90 94 161 66 195 111 174 177 115 79 175 207 66 180 158 57 34 115 175 47 54 73 72 62 111 142 161 162 167 38 205 94 72 94 188 168 118 67 204 126 62 117 134 141 213 210 138 128 210 158 100 73 148 45 164 104 31 125 172 117 178 102 126 153 146 234 81 162 176 192 
117 173 181 0 84 66 151 192 104 110 161 125 105 60 31 62 49 82 196 192 113 196 133 178 81 93 16 239 75 88 15 101 102 143 138 149 71 75 6 109 184 190 136 130 174 47 126 157 160 134 176 161 166 108 165 81 39 134 100 43 167 154 177 111 107 39 181 197 133 155 153 119 179 244 71 150 180 204 146 157 106 198 144 183 148 22 84 163 148 61 84 172 175 242 75 36 182 118 204 31 79 
37 89 132 84 0 21 68 121 24 35 94 112 32 63 76 57 52 23 113 112 98 122 87 98 89 23 70 156 45 64 100 95 38 65 122 85 47 42 86 26 107 110 86 112 97 39 77 100 76 65 150 140 91 77 93 90 62 58 35 46 137 93 96 89 38 67 99 113 67 93 69 83 95 161 13 96 112 120 61 98 36 116 71 99 119 62 86 129 63 43 17 95 92 160 21 72 125 52 120 60 59 
51 107 131 66 21 0 89 130 46 44 114 99 52 60 64 56 46 36 135 126 85 133 103 112 70 41 51 173 50 71 81 79 40 86 111 105 30 47 66 43 119 131 102 101 119 27 74 101 94 85 142 130 102 67 102 71 40 79 52 36 130 113 111 77 43 58 121 131 72 113 89 76 113 177 14 113 133 139 82 116 55 132 81 120 111 43 68 123 83 41 18 117 109 176 29 50 144 56 141 47 64 
51 37 142 151 68 89 0 103 47 63 55 156 49 113 136 106 110 71 45 74 144 99 83 62 147 59 138 101 89 97 166 146 78 22 162 57 107 86 153 50 79 43 76 153 38 104 105 109 31 42 177 172 73 120 82 149 130 29 57 109 163 66 61 133 71 126 33 62 81 64 17 121 44 108 80 76 67 59 14 71 50 74 70 32 151 129 143 153 17 97 76 36 52 111 77 140 91 75 52 123 98 
85 71 57 192 121 130 103 0 121 87 158 116 131 185 194 179 174 142 115 38 113 9 183 43 139 134 176 79 165 181 206 124 90 125 114 160 122 161 190 96 26 127 177 109 136 157 72 45 72 143 104 108 32 97 28 141 156 129 141 165 93 169 44 104 86 187 121 63 59 168 86 89 67 77 134 179 168 83 91 174 135 44 49 99 93 171 133 85 87 164 112 135 53 70 142 163 195 74 109 177 178 
38 75 143 104 24 46 47 121 0 44 69 133 11 69 89 62 63 24 92 105 119 121 69 90 113 13 92 143 46 59 119 117 54 40 142 62 71 42 106 28 103 87 66 132 73 56 92 109 63 41 166 157 89 97 94 114 86 33 19 62 153 71 89 109 51 79 77 101 75 70 52 101 82 149 34 74 88 103 44 75 15 108 74 80 136 82 109 144 48 51 39 71 83 149 29 96 102 62 100 76 58 
12 68 99 110 35 44 63 87 44 0 107 94 55 98 108 92 87 57 105 82 81 88 113 68 85 53 94 130 80 98 125 83 14 72 102 102 48 77 109 16 74 106 110 92 100 70 48 66 56 81 123 115 57 57 58 87 78 69 62 79 109 111 67 70 8 100 96 89 32 111 55 60 73 134 47 117 124 100 51 116 59 88 37 88 93 88 80 100 50 78 25 98 66 132 56 87 143 18 108 91 94 
97 89 196 161 94 114 55 158 69 107 0 201 62 107 137 102 112 81 65 127 188 153 44 115 183 73 153 142 86 81 175 187 120 36 209 13 141 86 165 91 133 50 36 199 29 116 154 163 85 28 228 222 128 164 137 184 153 38 63 118 214 15 114 177 115 126 47 109 132 13 72 167 95 150 100 28 18 98 68 19 59 125 123 68 200 142 179 205 72 100 109 28 105 155 89 162 37 123 77 129 88 
105 149 73 125 112 99 156 116 133 94 201 0 143 156 146 153 140 134 193 141 14 125 200 134 44 136 111 191 150 171 133 24 80 166 13 195 69 147 120 110 127 198 198 7 194 120 53 71 140 174 51 36 111 36 102 45 89 163 147 127 45 204 134 23 85 145 188 160 79 203 145 35 151 192 113 208 218 178 143 208 147 148 96 176 28 115 40 44 141 140 94 192 138 185 128 88 235 81 194 131 163 
49 81 154 105 32 52 49 131 11 55 62 143 0 64 88 57 61 22 92 112 129 130 58 98 121 11 94 148 40 51 120 127 65 37 153 53 79 37 108 39 111 85 55 143 69 58 103 120 69 33 177 168 99 107 104 123 91 29 9 62 164 61 97 119 62 77 75 107 87 61 58 112 88 155 39 64 80 107 49 65 4 115 84 81 147 84 118 155 53 48 49 67 90 156 30 101 93 73 101 75 50 
99 144 192 60 63 60 113 185 69 98 107 156 64 0 31 6 15 44 154 173 142 185 74 158 118 55 59 212 23 28 71 133 99 98 168 94 87 26 66 88 169 145 78 159 126 36 135 161 132 84 202 189 153 127 156 119 73 89 55 29 190 98 157 135 100 20 136 170 130 99 121 136 151 218 51 92 124 172 113 99 62 176 135 145 171 49 119 183 116 20 75 124 151 218 42 79 123 114 164 30 20 
113 164 193 31 76 64 136 194 89 108 137 146 88 31 0 35 26 65 180 188 132 197 105 174 104 77 36 232 51 59 41 122 104 124 158 125 82 52 38 103 182 172 109 150 154 37 136 165 151 112 195 181 165 123 166 104 57 115 80 29 184 128 173 128 108 11 163 189 136 130 142 132 170 237 62 123 155 193 134 130 87 193 145 169 165 30 106 179 137 39 82 152 169 236 60 59 154 121 189 17 51 
93 138 187 62 57 56 106 179 62 92 102 153 57 6 35 0 14 38 148 166 139 179 70 152 116 48 60 206 17 25 75 131 93 92 165 89 83 20 68 82 163 139 74 155 120 33 130 156 126 78 198 186 147 123 150 117 72 83 49 27 186 93 151 132 95 24 130 164 124 94 115 132 144 212 46 88 120 165 107 95 56 170 129 139 167 49 117 179 110 14 70 118 145 212 36 78 119 108 158 32 16 
90 139 178 49 52 46 110 174 63 87 112 140 61 15 26 14 0 39 153 165 126 175 84 150 102 50 45 206 25 39 63 117 86 98 152 100 71 26 54 79 160 146 87 143 128 20 121 148 126 87 186 173 144 112 145 103 57 89 54 13 175 105 149 120 88 15 136 164 117 106 116 121 145 212 40 100 130 167 108 107 61 169 124 143 155 34 103 168 111 13 62 126 144 212 34 63 132 101 162 17 30 
56 100 156 82 23 36 71 142 24 57 81 134 22 44 65 38 39 0 114 128 120 142 66 113 106 11 72 168 23 41 97 115 62 60 145 70 66 19 86 45 125 108 66 135 92 35 101 123 87 53 174 163 110 100 113 108 71 51 18 39 160 77 112 111 62 55 98 125 90 78 77 107 106 173 21 77 100 128 69 81 23 131 92 103 143 61 104 152 72 26 41 89 107 174 8 81 108 75 123 52 36 
93 47 165 196 113 135 45 115 92 105 65 193 92 154 180 148 153 114 0 77 183 107 107 72 190 103 183 78 131 134 212 187 119 56 198 75 152 128 198 94 89 15 99 190 35 149 140 136 53 73 206 204 92 159 103 192 175 65 99 154 193 80 71 172 113 169 18 54 115 78 49 158 48 86 125 93 65 37 54 84 92 73 99 17 184 174 185 183 54 140 121 36 63 92 121 185 93 113 11 167 137 
75 37 93 192 112 126 74 38 105 82 127 141 112 173 188 166 165 128 77 0 135 30 157 14 154 118 176 51 151 164 208 143 92 97 141 131 127 147 192 85 14 90 151 135 102 151 89 71 44 117 139 141 30 114 39 156 160 102 122 159 127 139 15 124 85 180 85 24 67 138 58 108 32 53 126 151 135 45 65 144 116 7 51 63 123 170 148 117 61 153 108 101 22 49 130 168 162 77 71 172 163 
93 140 77 113 98 85 144 113 119 81 188 14 129 142 132 139 126 120 183 135 0 121 186 127 34 122 99 186 136 156 122 13 67 153 26 181 55 133 108 97 121 187 184 17 182 105 45 68 130 160 63 48 105 24 96 35 76 150 134 113 54 190 126 11 73 131 177 153 70 190 134 26 142 187 99 194 205 170 131 195 134 142 87 165 35 102 29 51 130 125 81 180 130 181 114 76 222 70 184 117 149 
85 65 67 196 122 133 99 9 121 88 153 125 130 185 197 179 175 142 107 30 121 0 180 37 146 134 180 69 165 180 210 131 94 121 123 156 126 161 194 96 20 120 174 118 130 159 79 53 68 140 114 118 31 104 31 148 160 125 140 167 103 165 38 112 89 189 114 54 63 163 82 96 60 68 135 175 163 75 87 170 134 35 51 92 102 175 140 94 83 165 114 129 48 61 143 168 189 77 101 179 178 
107 120 211 133 87 103 83 183 69 113 44 200 58 74 105 70 84 66 107 157 186 180 0 144 173 64 128 181 59 46 145 182 123 60 210 32 133 60 139 97 160 93 7 200 72 94 161 177 113 40 236 227 151 165 158 174 135 54 52 93 222 29 143 177 120 95 88 144 144 31 99 170 127 188 88 19 56 137 92 28 54 157 140 106 206 117 171 213 97 74 105 70 134 192 74 143 49 131 119 102 54 
61 27 94 178 98 112 62 43 90 68 115 134 98 158 174 152 150 113 72 14 127 37 144 0 144 104 163 62 136 149 194 134 79 84 136 119 115 133 178 71 17 83 138 129 92 136 81 68 31 103 137 137 23 105 33 146 146 89 108 144 124 128 1 116 72 165 77 26 57 126 45 100 23 65 111 138 125 45 51 132 101 19 40 56 118 156 138 115 47 139 94 91 10 63 116 155 151 65 67 157 148 
97 152 110 81 89 70 147 139 113 85 183 44 121 118 104 116 102 106 190 154 34 146 173 144 0 111 68 206 117 137 89 21 70 151 57 174 41 115 75 97 142 191 173 50 183 83 67 96 140 154 96 81 124 42 117 1 47 146 123 89 88 182 143 37 77 105 181 169 87 182 141 51 155 208 85 184 201 183 136 187 125 161 104 173 70 73 6 86 136 105 73 180 145 203 99 45 214 80 194 90 129 
49 89 152 93 23 41 59 134 13 53 73 136 11 55 77 48 50 11 103 118 122 134 64 104 111 0 82 157 32 47 109 118 60 49 146 63 70 29 96 38 116 97 62 136 81 46 99 119 77 44 173 163 102 101 106 113 80 41 11 50 159 71 103 112 58 66 87 115 85 71 66 107 96 163 27 72 91 117 58 75 14 121 86 92 142 72 109 151 61 37 41 79 97 163 18 90 102 71 112 64 44 
102 159 165 16 70 51 138 176 92 94 153 111 94 59 36 60 45 72 183 176 99 180 128 163 68 82 0 224 69 84 31 87 86 131 124 141 55 68 15 94 168 179 131 116 164 36 110 140 146 125 162 147 150 93 148 68 23 123 90 35 152 147 162 96 91 40 169 182 116 148 139 103 164 228 58 144 171 190 132 150 96 182 128 170 133 10 71 148 134 54 68 161 159 226 64 23 176 102 191 28 75 
122 67 136 239 156 173 101 79 143 130 142 191 148 212 232 206 206 168 78 51 186 69 181 62 206 157 224 0 189 198 255 194 141 122 191 150 177 186 239 130 64 94 174 185 113 195 141 120 80 142 183 187 81 165 89 208 209 130 158 203 172 157 63 175 135 222 95 42 119 155 90 159 61 7 170 169 143 44 99 161 151 44 102 74 171 217 200 164 95 194 155 113 64 16 172 218 171 127 67 216 199 
80 121 178 75 45 50 89 165 46 80 86 150 40 23 51 17 25 23 131 151 136 165 59 136 117 32 69 189 0 20 89 129 84 74 162 74 80 3 80 69 148 122 61 152 103 35 122 146 109 61 193 181 133 118 137 119 76 65 31 33 180 79 135 128 84 39 113 147 113 80 98 126 128 195 38 75 104 148 90 81 39 154 116 122 162 58 117 172 93 14 61 101 129 196 24 84 107 97 140 43 13 
96 132 197 88 64 71 97 181 59 98 81 171 51 28 59 25 39 41 134 164 156 180 46 149 137 47 84 198 20 0 99 150 103 78 182 68 101 23 93 85 162 123 50 172 103 54 142 164 121 61 213 202 149 139 153 138 95 69 41 50 200 71 148 149 103 48 115 157 131 72 108 146 138 205 58 64 98 156 100 72 48 166 133 127 182 74 137 192 104 32 81 101 141 206 44 102 95 116 144 57 9 
133 189 193 15 100 81 166 206 119 125 175 133 120 71 41 75 63 97 212 208 122 210 145 194 89 109 31 255 89 99 0 109 117 158 146 163 85 89 16 125 199 206 149 139 189 62 139 170 176 149 185 170 181 120 179 88 51 149 115 58 177 168 193 122 122 50 196 213 147 169 169 130 195 259 86 163 193 220 162 170 121 213 159 199 158 38 93 173 164 75 99 187 190 257 90 46 195 133 219 45 91 
95 145 90 101 95 79 146 124 117 83 187 24 127 133 122 131 117 115 187 143 13 131 182 134 21 118 87 194 129 150 109 0 68 153 37 179 49 127 96 97 130 189 181 29 183 97 53 79 134 158 75 60 113 29 105 22 65 149 130 104 67 188 133 19 74 122 179 160 76 188 137 35 148 196 94 191 204 176 134 192 131 150 94 169 49 91 16 65 133 118 78 181 136 190 108 64 220 73 189 107 142 
26 82 94 102 38 40 78 90 54 14 120 80 65 99 104 93 86 62 119 92 67 94 123 79 70 60 86 141 84 103 117 68 0 86 88 114 35 80 101 29 82 121 120 79 115 67 38 62 70 93 112 103 64 43 62 72 67 82 71 76 99 124 78 56 7 98 111 101 32 123 70 47 86 145 47 129 137 114 66 128 69 98 42 102 82 81 65 90 65 79 23 113 78 142 59 76 155 16 123 87 98 
61 60 161 143 65 86 22 125 40 72 36 166 37 98 124 92 98 60 56 97 153 121 60 84 151 49 131 122 74 78 158 153 86 0 174 35 110 72 146 56 101 48 53 164 32 95 118 127 53 20 192 186 94 129 102 153 127 9 43 100 178 44 83 142 80 113 38 84 96 43 39 132 66 129 75 54 52 79 33 49 36 97 87 49 164 121 147 169 38 84 78 30 74 132 67 137 73 87 66 112 81 
112 153 66 138 122 111 162 114 142 102 209 13 153 168 158 165 152 145 198 141 26 123 210 136 57 146 124 191 162 182 146 37 88 174 0 203 81 159 133 118 127 203 208 10 201 132 57 70 144 182 39 23 113 45 102 58 101 171 158 139 34 213 135 33 93 158 194 162 83 212 150 41 154 191 124 217 226 180 149 217 157 149 99 180 21 128 53 35 147 152 105 199 141 184 139 102 244 87 198 144 175 
93 93 195 149 85 105 57 160 62 102 13 195 53 94 125 89 100 70 75 131 181 156 32 119 174 63 141 150 74 68 163 179 114 35 203 0 132 73 154 85 136 61 24 194 40 105 150 161 88 21 225 217 129 158 137 176 142 33 52 106 211 9 118 171 110 114 56 115 130 8 74 162 99 158 91 19 30 106 69 14 49 130 122 75 196 130 171 201 73 88 101 38 109 162 79 152 40 119 87 117 75 
59 117 111 71 47 30 107 122 71 48 141 69 79 87 82 83 71 66 152 127 55 126 133 115 41 70 55 177 80 101 85 49 35 110 81 132 0 77 69 57 117 151 132 72 142 50 55 85 104 112 115 102 99 41 95 43 33 104 81 58 103 141 114 48 42 79 141 137 63 141 103 50 121 180 44 143 159 149 97 145 83 134 77 135 84 53 38 97 97 70 32 139 113 177 59 41 172 50 156 65 93 
76 118 174 75 42 47 86 161 42 77 86 147 37 26 52 20 26 19 128 147 133 161 60 133 115 29 68 186 3 23 89 127 80 72 159 73 77 0 80 65 144 120 62 149 101 34 118 142 106 60 189 178 130 115 133 116 74 63 28 33 177 78 131 125 81 41 111 144 109 79 95 123 124 192 34 75 104 145 87 81 36 150 112 119 158 57 114 169 90 14 57 99 126 192 21 83 107 94 137 43 17 
117 174 177 6 86 66 153 190 106 109 165 120 108 66 38 68 54 86 198 192 108 194 139 178 75 96 15 239 80 93 16 96 101 146 133 154 69 80 0 110 183 193 141 125 178 50 123 154 161 138 171 156 165 105 163 75 35 137 104 47 162 159 177 107 106 46 183 197 131 160 155 115 180 244 73 155 184 205 147 161 109 197 143 185 143 24 79 158 149 66 84 175 175 242 78 31 187 117 206 36 84 
11 64 115 109 26 43 50 96 28 16 91 110 39 88 103 82 79 45 94 85 97 96 97 71 97 38 94 130 69 85 125 97 29 56 118 85 57 65 110 0 80 94 93 108 86 65 65 81 51 64 139 132 65 73 68 99 82 53 47 73 126 95 70 86 24 94 83 87 47 94 46 76 69 134 40 100 108 95 40 100 43 90 47 78 110 87 93 117 40 69 27 84 66 133 46 92 126 34 99 86 82 
70 45 79 184 107 119 79 26 103 74 133 127 111 169 182 163 160 125 89 14 121 20 160 17 142 116 168 64 148 162 199 130 82 101 127 136 117 144 183 80 0 100 154 121 110 145 76 57 47 120 124 126 18 101 24 144 150 105 121 153 112 145 18 111 77 174 95 38 55 143 62 94 40 66 120 155 142 59 67 150 115 22 40 73 108 162 136 102 63 149 100 109 27 61 126 158 169 66 83 165 161 
94 56 175 190 110 131 43 127 87 106 50 198 85 145 172 139 146 108 15 90 187 120 93 83 191 97 179 94 122 123 206 189 121 48 203 61 151 120 193 94 100 0 86 194 21 143 145 144 60 62 214 211 102 162 113 193 172 57 91 148 200 66 82 175 114 161 10 68 120 64 52 162 59 101 121 78 49 52 55 69 84 86 106 27 190 169 186 191 56 132 120 23 73 107 115 182 77 117 27 161 127 
102 114 207 136 86 102 76 177 66 110 36 198 55 78 109 74 87 66 99 151 184 174 7 138 173 62 131 174 61 50 149 181 120 53 208 24 132 62 141 93 154 86 0 198 64 96 158 173 106 34 233 224 145 163 153 174 136 48 50 95 219 22 137 175 117 98 81 137 140 24 92 168 120 181 87 13 49 129 86 22 51 151 135 99 203 120 170 210 90 76 103 63 128 185 74 145 45 128 111 104 58 
103 145 66 130 112 101 153 109 132 92 199 7 143 159 150 155 143 135 190 135 17 118 200 129 50 136 116 185 152 172 139 29 79 164 10 194 72 149 125 108 121 194 198 0 192 122 49 64 136 172 46 31 106 35 96 51 93 161 147 130 38 203 128 23 83 149 185 155 74 202 141 32 146 185 114 207 216 173 139 207 147 143 91 172 21 119 46 37 138 142 95 190 133 179 129 94 234 78 190 134 165 
89 65 180 174 97 119 38 136 73 100 29 194 69 126 154 120 128 92 35 102 182 130 72 92 183 81 164 113 103 103 189 183 115 32 201 40 142 101 178 86 110 21 64 192 0 127 144 147 64 42 216 211 108 158 118 184 160 40 74 131 202 45 91 171 109 143 18 82 120 42 53 159 70 120 107 57 33 69 52 48 68 99 108 40 189 153 179 192 55 115 109 2 82 126 99 170 60 113 47 144 108 
75 128 158 47 39 27 104 157 56 70 116 120 58 36 37 33 20 35 149 151 105 159 94 136 83 46 36 195 35 54 62 97 67 95 132 105 50 34 50 65 145 143 96 122 127 0 101 128 115 88 166 153 128 91 128 84 40 87 53 8 154 111 135 99 70 30 133 153 99 112 107 100 134 200 25 109 135 158 99 114 59 155 107 136 135 26 83 147 102 21 44 125 131 199 27 49 141 83 156 21 45 
57 96 57 126 77 74 105 72 92 48 154 53 103 135 136 130 121 101 140 89 45 79 161 81 67 99 110 141 122 142 139 53 38 118 57 150 55 118 123 65 76 145 158 49 144 101 0 30 87 129 74 67 59 25 51 69 88 117 109 110 61 159 81 34 40 131 136 107 25 159 93 18 97 142 84 165 170 124 91 164 107 97 42 122 46 108 60 52 89 116 61 142 85 137 97 93 190 31 141 119 136 
70 89 34 157 100 101 109 45 109 66 163 71 120 161 165 156 148 123 136 71 68 53 177 68 96 119 140 120 146 164 170 79 62 127 70 161 85 142 154 81 57 144 173 64 147 128 30 0 84 141 70 69 45 53 34 97 118 127 128 137 56 171 68 59 61 159 136 93 33 170 94 44 89 120 109 179 177 113 95 176 124 79 39 119 51 138 89 47 92 141 85 146 74 114 121 124 200 48 134 147 159 
45 13 115 160 76 94 31 72 63 56 85 140 69 132 151 126 126 87 53 44 130 68 113 31 140 77 146 80 109 121 176 134 70 53 144 88 104 106 161 51 47 60 106 136 64 115 87 84 0 72 154 151 43 106 53 142 133 58 79 122 140 97 30 118 62 142 52 37 61 95 14 104 18 85 90 107 96 44 21 102 72 45 46 35 130 138 134 130 16 114 77 63 21 86 91 142 122 60 54 136 120 
72 80 175 134 65 85 42 143 41 81 28 174 33 84 112 78 87 53 73 117 160 140 40 103 154 44 125 142 61 61 149 158 93 20 182 21 112 60 138 64 120 62 34 172 42 88 129 141 72 0 204 196 111 137 119 155 124 14 34 91 190 30 102 150 89 101 54 104 109 29 58 141 86 149 72 37 47 98 52 35 30 117 102 68 175 114 151 181 56 74 81 40 94 152 61 134 61 98 83 103 65 
131 159 47 176 150 142 177 104 166 123 228 51 177 202 195 198 186 174 206 139 63 114 236 137 96 173 162 183 193 213 185 75 112 192 39 225 115 189 171 139 124 214 233 46 216 166 74 70 154 204 0 15 115 74 103 97 139 191 184 174 14 234 137 66 115 193 206 162 96 233 163 66 159 182 155 240 244 182 163 239 182 146 108 189 31 165 92 23 160 184 132 214 144 173 169 140 265 105 204 179 206 
124 158 54 161 140 130 172 108 157 115 222 36 168 189 181 186 173 163 204 141 48 118 227 137 81 163 147 187 181 202 170 60 103 186 23 217 102 178 156 132 126 211 224 31 211 153 67 69 151 196 15 0 114 62 103 81 124 184 174 161 16 227 137 53 107 180 202 163 91 226 159 56 158 186 143 232 238 183 158 232 173 148 105 186 21 150 77 23 156 172 122 209 144 178 158 125 258 98 203 166 194 
54 45 73 166 91 102 73 32 89 57 128 111 99 153 165 147 144 110 92 30 105 31 151 23 124 102 150 81 133 149 181 113 64 94 113 129 99 130 165 65 18 102 145 106 108 128 59 45 43 111 115 114 0 83 11 126 132 96 108 136 101 138 22 94 59 158 95 49 37 137 56 78 44 83 103 148 139 68 60 143 103 37 22 75 95 145 118 92 56 134 83 107 29 79 111 140 165 48 89 148 146 
69 116 72 108 77 67 120 97 97 57 164 36 107 127 123 123 112 100 159 114 24 104 165 105 42 101 93 165 118 139 120 29 43 129 45 158 41 115 105 73 101 162 163 35 158 91 25 53 106 137 74 62 83 0 76 44 69 126 112 99 62 167 104 13 49 120 153 130 47 167 110 10 119 167 80 172 181 146 107 172 112 121 64 141 43 93 36 56 105 109 59 156 107 161 95 73 199 45 160 106 132 
57 56 62 165 93 102 82 28 94 58 137 102 104 156 166 150 145 113 103 39 96 31 158 33 117 106 148 89 137 153 179 105 62 102 102 137 95 133 163 68 24 113 153 96 118 128 51 34 53 119 103 103 11 76 0 119 129 105 114 137 90 147 33 86 58 159 105 59 32 145 65 70 55 91 105 156 149 79 69 152 108 46 21 86 84 144 111 81 65 136 83 117 41 85 113 137 174 46 100 149 150 
99 153 111 81 90 71 149 141 114 87 184 45 123 119 104 117 103 108 192 156 35 148 174 146 1 113 68 208 119 138 88 22 72 153 58 176 43 116 75 99 144 193 174 51 184 84 69 97 142 155 97 81 126 44 119 0 47 148 124 90 89 184 145 39 79 105 183 170 88 184 142 53 157 210 86 185 203 185 138 188 126 163 105 175 71 73 8 87 137 106 75 182 147 205 100 45 216 82 195 91 130 
88 146 142 39 62 40 130 156 86 78 153 89 91 73 57 72 57 71 175 160 76 160 135 146 47 80 23 209 76 95 51 65 67 127 101 142 33 74 35 82 150 172 136 93 160 40 88 118 133 124 139 124 132 69 129 47 0 120 90 44 129 149 146 73 74 58 162 167 96 150 128 80 151 212 52 148 172 178 122 153 94 166 110 160 109 26 48 124 123 62 55 157 144 209 63 10 180 83 181 44 86 
59 66 161 134 58 79 29 129 33 69 38 163 29 89 115 83 89 51 65 102 150 125 54 89 146 41 123 130 65 69 149 149 82 9 171 33 104 63 137 53 105 57 48 161 40 87 117 127 58 14 191 184 96 126 105 148 120 0 34 91 177 43 88 139 77 104 47 91 96 42 44 129 73 137 67 51 55 87 37 48 28 103 88 58 163 113 142 168 42 75 72 38 80 140 59 130 73 85 75 104 72 
58 91 162 100 35 52 57 141 19 62 63 147 9 55 80 49 54 18 99 122 134 140 52 108 123 11 90 158 31 41 115 130 71 43 158 52 81 28 104 47 121 91 50 147 74 53 109 128 79 34 184 174 108 112 114 124 90 34 0 57 170 60 107 124 69 69 82 116 95 60 67 118 97 164 38 61 81 116 59 63 7 125 94 90 153 79 120 162 63 41 53 72 100 165 26 99 91 81 109 69 41 
83 135 167 43 46 36 109 165 62 79 118 127 62 29 29 27 13 39 154 159 113 167 93 144 89 50 35 203 33 50 58 104 76 100 139 106 58 33 47 73 153 148 95 130 131 8 110 137 122 91 174 161 136 99 137 90 44 91 57 0 162 112 143 107 79 22 138 160 108 113 114 109 141 208 33 109 137 165 106 114 63 163 116 142 143 24 89 156 109 19 53 129 139 207 32 51 141 92 162 13 41 
117 146 38 167 137 130 163 93 153 109 214 45 164 190 184 186 175 160 193 127 54 103 222 124 88 159 152 172 180 200 177 67 99 178 34 211 103 177 162 126 112 200 219 38 202 154 61 56 140 190 14 16 101 62 90 89 129 177 170 162 0 220 124 56 101 182 192 150 82 219 149 54 145 171 142 226 230 170 149 225 168 134 94 175 19 154 83 9 146 172 119 200 131 163 156 131 251 91 191 168 194 
102 102 205 154 93 113 66 169 71 111 15 204 61 98 128 93 105 77 80 139 190 165 29 128 182 71 147 157 79 71 168 188 124 44 213 9 141 78 159 95 145 66 22 203 45 111 159 171 97 30 234 227 138 167 147 184 149 43 60 112 220 0 127 180 120 118 62 123 139 2 83 171 108 165 98 12 27 113 78 5 57 139 131 83 205 136 180 211 82 93 110 44 118 169 86 159 31 128 92 122 78 
60 26 94 177 96 111 61 44 89 67 114 134 97 157 173 151 149 112 71 15 126 38 143 1 143 103 162 63 135 148 193 133 78 83 135 118 114 131 177 70 18 82 137 128 91 135 81 68 30 102 137 137 22 104 33 145 146 88 107 143 124 127 0 115 71 164 76 26 57 125 44 99 23 66 110 137 124 45 50 131 100 20 39 55 118 155 137 115 46 138 93 91 9 64 115 154 150 64 67 156 147 
82 129 72 111 89 77 133 104 109 70 177 23 119 135 128 132 120 111 172 124 11 112 177 116 37 112 96 175 128 149 122 19 56 142 33 171 48 125 107 86 111 175 175 23 171 99 34 59 118 150 66 53 94 13 86 39 73 139 124 107 56 180 115 0 62 127 166 142 59 180 123 16 131 177 91 184 194 158 120 185 124 132 76 154 36 98 31 51 118 118 71 169 119 171 105 75 212 58 173 113 141 
20 75 94 107 38 43 71 86 51 8 115 85 62 100 108 95 88 62 113 85 73 89 120 72 77 58 91 135 84 103 122 74 7 80 93 110 42 81 106 24 77 114 117 83 109 70 40 61 62 89 115 107 59 49 58 79 74 77 69 79 101 120 71 62 0 101 104 94 29 119 63 51 79 138 48 125 132 107 59 124 66 91 37 96 85 86 72 93 58 80 25 107 71 135 59 82 151 13 116 91 98 
104 154 188 39 67 58 126 187 79 100 126 145 77 20 11 24 15 55 169 180 131 189 95 165 105 66 40 222 39 48 50 122 98 113 158 114 79 41 46 94 174 161 98 149 143 30 131 159 142 101 193 180 158 120 159 105 58 104 69 22 182 118 164 127 101 0 152 179 130 119 132 129 161 227 54 112 144 183 124 119 76 184 137 159 163 32 106 176 127 28 75 141 159 227 50 62 144 114 178 14 40 
84 50 168 181 99 121 33 121 77 96 47 188 75 136 163 130 136 98 18 85 177 114 88 77 181 87 169 95 113 115 196 179 111 38 194 56 141 111 183 83 95 10 81 185 18 133 136 136 52 54 206 202 95 153 105 183 162 47 82 138 192 62 76 166 104 152 0 65 111 60 43 153 54 102 111 75 50 51 45 66 75 82 97 22 181 159 176 182 47 123 109 18 67 108 105 172 78 107 30 151 119 
80 25 118 197 113 131 62 63 101 89 109 160 107 170 189 164 164 125 54 24 153 54 144 26 169 115 182 42 147 157 213 160 101 84 162 115 137 144 197 87 38 68 137 155 82 153 107 93 37 104 162 163 49 130 59 170 167 91 116 160 150 123 26 142 94 179 65 0 83 121 49 126 19 48 127 135 115 20 57 128 109 19 65 42 144 174 163 140 53 152 113 82 23 49 129 177 143 88 46 173 157 
37 70 67 133 67 72 81 59 75 32 132 79 87 130 136 124 117 90 115 67 70 63 144 57 87 85 116 119 113 131 147 76 32 96 83 130 63 109 131 47 55 120 140 74 120 99 25 33 61 109 96 91 37 47 32 88 96 96 95 108 82 139 57 59 29 130 111 83 0 138 68 43 72 121 78 146 147 99 67 144 91 74 17 97 69 112 80 72 64 110 54 118 60 116 88 104 169 15 115 119 127 
102 100 204 155 93 113 64 168 70 111 13 203 61 99 130 94 106 78 78 138 190 163 31 126 182 71 148 155 80 72 169 188 123 43 212 8 141 79 160 94 143 64 24 202 42 112 159 170 95 29 233 226 137 167 145 184 150 42 60 113 219 2 125 180 119 119 60 121 138 0 81 171 106 162 99 14 25 111 77 6 57 137 130 81 205 137 180 210 81 94 110 41 116 167 86 159 31 128 90 123 79 
43 23 126 153 69 89 17 86 52 55 72 145 58 121 142 115 116 77 49 58 134 82 99 45 141 66 139 90 98 108 169 137 70 39 150 74 103 95 155 46 62 52 92 141 53 107 93 94 14 58 163 159 56 110 65 142 128 44 67 114 149 83 44 123 63 132 43 49 68 81 0 109 30 96 82 93 83 51 8 88 60 59 54 32 138 131 136 139 5 104 73 51 35 98 82 138 108 64 53 127 108 
70 114 62 119 83 76 121 89 101 60 167 35 112 136 132 132 121 107 158 108 26 96 170 100 51 107 103 159 126 146 130 35 47 132 41 162 50 123 115 76 94 162 168 32 159 100 18 44 104 141 66 56 78 10 70 53 80 129 118 109 54 171 99 16 51 129 153 126 43 171 109 0 116 161 88 176 184 143 107 176 117 116 61 140 35 103 45 47 105 118 66 157 103 155 102 84 203 45 159 116 140 
62 6 117 179 95 113 44 67 82 73 95 151 88 151 170 144 145 106 48 32 142 60 127 23 155 96 164 61 128 138 195 148 86 66 154 99 121 124 180 69 40 59 120 146 70 134 97 89 18 86 159 158 44 119 55 157 151 73 97 141 145 108 23 131 79 161 54 19 72 106 30 116 0 67 109 119 102 28 38 112 90 30 55 32 138 156 149 136 34 133 96 69 14 68 110 160 130 75 45 155 138 
126 73 134 244 161 177 108 77 149 134 150 192 155 218 237 212 212 173 86 53 187 68 188 65 208 163 228 7 195 205 259 196 145 129 191 158 180 192 244 134 66 101 181 185 120 200 142 120 85 149 182 186 83 167 91 210 212 137 164 208 171 165 66 177 138 227 102 48 121 162 96 161 67 0 175 177 151 51 105 169 157 46 104 82 171 221 202 163 101 200 159 121 68 9 177 221 179 130 74 221 205 
50 103 141 71 13 14 80 134 34 47 100 113 39 51 62 46 40 21 125 126 99 135 88 111 85 27 58 170 38 58 86 94 47 75 124 91 44 34 73 40 120 121 87 114 107 25 84 109 90 72 155 143 103 80 105 86 52 67 38 33 142 98 110 91 48 54 111 127 78 99 82 88 109 175 0 99 119 133 75 102 41 130 84 112 123 48 83 134 77 32 23 105 106 174 14 62 130 62 133 46 51 
109 113 213 150 96 113 76 179 74 117 28 208 64 92 123 88 100 77 93 151 194 175 19 138 184 72 144 169 75 64 163 191 129 54 217 19 143 75 155 100 155 78 13 207 57 109 165 179 107 37 240 232 148 172 156 185 148 51 61 109 226 12 137 184 125 112 75 135 146 14 93 176 119 177 99 0 37 125 88 10 60 150 140 95 211 133 181 217 92 89 113 56 128 181 85 157 31 135 105 118 72 
113 98 210 180 112 133 67 168 88 124 18 218 80 124 155 120 130 100 65 135 205 163 56 125 201 91 171 143 104 98 193 204 137 52 226 30 159 104 184 108 142 49 49 216 33 135 170 177 96 47 244 238 139 181 149 203 172 55 81 137 230 27 124 194 132 144 50 115 147 25 83 184 102 151 119 37 0 101 81 27 77 132 137 73 216 160 198 220 85 118 127 33 115 157 108 181 28 139 76 148 105 
90 32 138 204 120 139 59 83 103 100 98 178 107 172 193 165 167 128 37 45 170 75 137 45 183 117 190 44 148 156 220 176 114 79 180 106 149 145 205 95 59 52 129 173 69 158 124 113 44 98 182 183 68 146 79 185 178 87 116 165 170 113 45 158 107 183 51 20 99 111 51 143 28 51 133 125 101 0 59 117 109 39 82 30 163 182 177 160 56 155 122 70 39 56 133 187 129 103 27 179 157 
39 31 128 146 61 82 14 91 44 51 68 143 49 113 134 107 108 69 54 65 131 87 92 51 136 58 132 99 90 100 162 134 66 33 149 69 97 87 147 40 67 55 86 139 52 99 91 95 21 52 163 158 60 107 69 138 122 37 59 106 149 78 50 120 59 124 45 57 67 77 8 107 38 105 75 88 81 59 0 83 52 66 55 38 137 123 131 139 4 96 67 51 42 106 74 132 105 61 59 119 100 
107 106 210 157 98 116 71 174 75 116 19 208 65 99 130 95 107 81 84 144 195 170 28 132 187 75 150 161 81 72 170 192 128 49 217 14 145 81 161 100 150 69 22 207 48 114 164 176 102 35 239 232 143 172 152 188 153 48 63 114 225 5 131 185 124 119 66 128 144 6 88 176 112 169 102 10 27 117 83 0 61 143 137 87 210 139 184 216 87 95 114 47 122 173 89 162 27 133 96 125 79 
54 84 158 106 36 55 50 135 15 59 59 147 4 62 87 56 61 23 92 116 134 134 54 101 125 14 96 151 39 48 121 131 69 36 157 49 83 36 109 43 115 84 51 147 68 59 107 124 72 30 182 173 103 112 108 126 94 28 7 63 168 57 100 124 66 76 75 109 91 57 60 117 90 157 41 60 77 109 52 61 0 118 89 82 152 85 122 159 56 48 53 65 93 158 31 104 89 78 101 76 48 
80 37 100 198 116 132 74 44 108 88 125 148 115 176 193 170 169 131 73 7 142 35 157 19 161 121 182 44 154 166 213 150 98 97 149 130 134 150 197 90 22 86 151 143 99 155 97 79 45 117 146 148 37 121 46 163 166 103 125 163 134 139 20 132 91 184 82 19 74 137 59 116 30 46 130 150 132 39 66 143 118 0 58 60 130 175 155 125 62 157 113 99 24 44 134 174 160 83 66 176 166 
36 53 73 144 71 81 70 49 74 37 123 96 84 135 145 129 124 92 99 51 87 51 140 40 104 86 128 102 116 133 159 94 42 87 99 122 77 112 143 47 40 106 135 91 108 107 42 39 46 102 108 105 22 64 21 105 110 88 94 116 94 131 39 76 37 137 97 65 17 130 54 61 55 104 84 140 137 82 55 137 89 58 0 81 84 123 98 84 52 115 62 106 42 100 92 118 160 26 99 128 129 
76 29 148 183 99 120 32 99 80 88 68 176 81 145 169 139 143 103 17 63 165 92 106 56 173 92 170 74 122 127 199 169 102 49 180 75 135 119 185 78 73 27 99 172 40 136 122 119 35 68 189 186 75 141 86 175 160 58 90 142 175 83 55 154 96 159 22 42 97 81 32 140 32 82 112 95 73 30 38 87 82 60 81 0 166 161 168 165 38 130 106 40 46 86 109 170 100 95 20 156 130 
103 137 45 148 119 111 151 93 136 93 200 28 147 171 165 167 155 143 184 123 35 102 206 118 70 142 133 171 162 182 158 49 82 164 21 196 84 158 143 110 108 190 203 21 189 135 46 51 130 175 31 21 95 43 84 71 109 163 153 143 19 205 118 36 85 163 181 144 69 205 138 35 138 171 123 211 216 163 137 210 152 130 84 166 0 135 65 16 134 153 102 188 124 163 138 111 236 77 183 149 175 
95 151 164 22 62 43 129 171 82 88 142 115 84 49 30 49 34 61 174 170 102 175 117 156 73 72 10 217 58 74 38 91 81 121 128 130 53 57 24 87 162 169 120 119 153 26 108 138 138 114 165 150 145 93 144 73 26 113 79 24 154 136 155 98 86 32 159 174 112 137 131 103 156 221 48 133 160 182 123 139 85 175 123 161 135 0 75 149 125 43 62 151 152 219 53 30 165 97 181 18 65 
92 146 104 84 86 68 143 133 109 80 179 40 118 119 106 117 103 104 185 148 29 140 171 138 6 109 71 200 117 137 93 16 65 147 53 171 38 114 79 93 136 186 170 46 179 83 60 89 134 151 92 77 118 36 111 8 48 142 120 89 83 180 137 31 72 106 176 163 80 180 136 45 149 202 83 181 198 177 131 184 122 155 98 168 65 75 0 81 131 104 70 176 139 197 97 48 211 74 188 92 128 
108 136 31 163 129 123 153 85 144 100 205 44 155 183 179 179 168 152 183 117 51 94 213 115 86 151 148 164 172 192 173 65 90 169 35 201 97 169 158 117 102 191 210 37 192 147 52 47 130 181 23 23 92 56 81 87 124 168 162 156 9 211 115 51 93 176 182 140 72 210 139 47 136 163 134 217 220 160 139 216 159 125 84 165 16 149 81 0 136 164 111 190 121 155 148 127 241 82 181 162 186 
38 27 125 148 63 83 17 87 48 50 72 141 53 116 137 110 111 72 54 61 130 83 97 47 136 61 134 95 93 104 164 133 65 38 147 73 97 90 149 40 63 56 90 138 55 102 89 92 16 56 160 156 56 105 65 137 123 42 63 109 146 82 46 118 58 127 47 53 64 81 5 105 34 101 77 92 85 56 4 87 56 62 52 38 134 125 131 136 0 99 68 54 38 102 77 133 109 60 58 122 104 
80 126 172 61 43 41 97 164 51 78 100 140 48 20 39 14 13 26 140 153 125 165 74 139 105 37 54 194 14 32 75 118 79 84 152 88 70 14 66 69 149 132 76 142 115 21 116 141 114 74 184 172 134 109 136 106 62 75 41 19 172 93 138 118 80 28 123 152 110 94 104 118 133 200 32 89 118 155 96 95 48 157 115 130 153 43 104 164 99 0 55 113 133 200 23 70 121 94 149 29 24 
33 90 117 84 17 18 76 112 39 25 109 94 49 75 82 70 62 41 121 108 81 114 105 94 73 41 68 155 61 81 99 78 23 78 105 101 32 57 84 27 100 120 103 95 109 44 61 85 77 81 132 122 83 59 83 75 55 72 53 53 119 110 93 71 25 75 109 113 54 110 73 66 96 159 23 113 127 122 67 114 53 113 62 106 102 62 70 111 68 55 0 107 90 157 36 65 142 39 126 65 75 
87 64 178 172 95 117 36 135 71 98 28 192 67 124 152 118 126 89 36 101 180 129 70 91 180 79 161 113 101 101 187 181 113 30 199 38 139 99 175 84 109 23 63 190 2 125 142 146 63 40 214 209 107 156 117 182 157 38 72 129 200 44 91 169 107 141 18 82 118 41 51 157 69 121 105 56 33 70 51 47 65 99 106 40 188 151 176 190 54 113 107 0 81 126 97 167 60 112 48 141 106 
57 17 102 175 92 109 52 53 83 66 105 138 90 151 169 145 144 107 63 22 130 48 134 10 145 97 159 64 129 141 190 136 78 74 141 109 113 126 175 66 27 73 128 133 82 131 85 74 21 94 144 144 29 107 41 147 144 80 100 139 131 118 9 119 71 159 67 23 60 116 35 103 14 68 106 128 115 39 42 122 93 24 42 46 124 152 139 121 38 133 90 81 0 67 110 153 141 65 59 152 141 
124 74 126 242 160 176 111 70 149 132 155 185 156 218 236 212 212 174 92 49 181 61 192 63 203 163 226 16 196 206 257 190 142 132 184 162 177 192 242 133 61 107 185 179 126 199 137 114 86 152 173 178 79 161 85 205 209 140 165 207 163 169 64 171 135 227 108 49 116 167 98 155 68 9 174 181 157 56 106 173 158 44 100 86 163 219 197 155 102 200 157 126 67 0 177 218 185 126 81 220 207 
57 104 153 75 21 29 77 142 29 56 89 128 30 42 60 36 34 8 121 130 114 143 74 116 99 18 64 172 24 44 90 108 59 67 139 79 59 21 78 46 126 115 74 129 99 27 97 121 91 61 169 158 111 95 113 100 63 59 26 32 156 86 115 105 59 50 105 129 88 86 82 102 110 177 14 85 108 133 74 89 31 134 92 109 138 53 97 148 77 23 36 97 110 177 0 73 117 73 129 46 38 
97 155 146 36 72 50 140 163 96 87 162 88 101 79 59 78 63 81 185 168 76 168 143 155 45 90 23 218 84 102 46 64 76 137 102 152 41 83 31 92 158 182 145 94 170 49 93 124 142 134 140 125 140 73 137 45 10 130 99 51 131 159 154 75 82 62 172 177 104 159 138 84 160 221 62 157 181 187 132 162 104 174 118 170 111 30 48 127 133 70 65 167 153 218 73 0 189 92 191 48 93 
133 124 234 182 125 144 91 195 102 143 37 235 93 123 154 119 132 108 93 162 222 189 49 151 214 102 176 171 107 95 195 220 155 73 244 40 172 107 187 126 169 77 45 234 60 141 190 200 122 61 265 258 165 199 174 216 180 73 91 141 251 31 150 212 151 144 78 143 169 31 108 203 130 179 130 31 28 129 105 27 89 160 160 100 236 165 211 241 109 121 142 60 141 185 117 189 0 159 104 150 103 
26 72 81 118 52 56 75 74 62 18 123 81 73 114 121 108 101 75 113 77 70 77 131 65 80 71 102 127 97 116 133 73 16 87 87 119 50 94 117 34 66 117 128 78 113 83 31 48 60 98 105 98 48 45 46 82 83 85 81 92 91 128 64 58 13 114 107 88 15 128 64 45 75 130 62 135 139 103 61 133 78 83 26 95 77 97 74 82 60 94 39 112 65 126 73 92 159 0 115 103 111 
96 45 162 204 120 141 52 109 100 108 77 194 101 164 189 158 162 123 11 71 184 101 119 67 194 112 191 67 140 144 219 189 123 66 198 87 156 137 206 99 83 27 111 190 47 156 141 134 54 83 204 203 89 160 100 195 181 75 109 162 191 92 67 173 116 178 30 46 115 90 53 159 45 74 133 105 76 27 59 96 101 66 99 20 183 181 188 181 58 149 126 48 59 81 129 191 104 115 0 176 147 
96 149 176 31 60 47 123 177 76 91 129 131 75 30 17 32 17 52 167 172 117 179 102 157 90 64 28 216 43 57 45 107 87 112 144 117 65 43 36 86 165 161 104 134 144 21 119 147 136 103 179 166 148 106 149 91 44 104 69 13 168 122 156 113 91 14 151 173 119 123 127 116 155 221 46 118 148 179 119 125 76 176 128 156 149 18 92 162 122 29 65 141 152 220 46 48 150 103 176 0 48 
93 132 192 79 59 64 98 178 58 94 88 163 50 20 51 16 30 36 137 163 149 178 54 148 129 44 75 199 13 9 91 142 98 81 175 75 93 17 84 82 161 127 58 165 108 45 136 159 120 65 206 194 146 132 150 130 86 72 41 41 194 78 147 141 98 40 119 157 127 79 108 140 138 205 51 72 105 157 100 79 48 166 129 130 175 65 128 186 104 24 75 106 141 207 38 93 103 111 147 48 0 
