Objective value: 6161
Running time 211.87058687210083
Solution
0 171 196 198 2 5 20 38 11 85 30 42 95 100 9 183 134 92 0
0 141 155 177 51 153 59 63 131 31 79 136 0
0 137 188 24 4 21 69 8 84 99 94 46 0
0 185 28 13 16 39 138 50 1 0
0 74 111 112 143 166 192 193 60 23 25 35 117 0
0 47 70 89 142 157 12 37 26 32 14 0
0 49 67 76 81 119 154 160 176 72 97 108 44 0
0 133 189 6 54 45 3 195 156 0
0 116 135 150 168 170 175 182 197 0
0 41 75 98 104 124 162 165 174 190 199 0
0 64 73 82 173 178 17 7 53 123 0
0 22 29 55 68 91 93 107 110 121 147 164 169 194 144 0
0 57 61 105 146 200 40 115 0
0 18 43 86 90 106 158 161 34 151 0
0 48 52 58 66 71 78 125 129 159 33 0
0 56 65 122 132 167 15 19 113 0
0 77 80 88 101 127 140 148 172 181 184 187 0
0 10 27 87 118 130 139 149 163 126 0
0 83 102 109 152 179 36 62 120 0
0 96 103 114 128 145 180 186 191 0
