Objective value: 1642
Running time 336.9043560028076
Solution
0 92 20 45 0
0 31 61 23 0
0 35 63 10 0
0 8 19 0
0 6 1 0
0 13 38 0
0 76 98 52 0
0 88 48 0
0 95 12 5 0
0 14 0
0 70 71 0
0 2 4 0
0 33 50 41 0
0 75 39 30 0
0 72 68 0
0 85 86 0
0 43 82 0
0 53 67 0
0 40 89 0
0 99 22 0
0 9 0
0 29 81 0
0 59 42 0
0 58 0
0 21 25 74 0
0 32 80 0
0 83 16 0
0 27 34 0
0 77 0
0 94 0
0 55 65 0
0 93 97 0
0 46 96 0
0 51 57 0
0 56 62 73 0
0 7 79 0
0 3 26 91 0
0 15 47 11 0
0 69 0
0 37 66 0
0 18 0
0 44 0
0 60 0
0 28 100 0
0 36 49 84 0
0 0
0 64 0
0 24 90 0
0 0
0 17 54 78 87 0
