Objective value: 3722
Running time 847.9206776618958
Solution
0 17 37 71 200 9 46 0
0 38 34 13 170 65 0
0 115 4 83 24 135 0
0 154 164 183 79 103 23 0
0 177 95 72 33 61 20 0
0 137 19 26 14 25 151 0
0 87 94 104 117 165 0
0 28 90 132 58 0
0 70 89 39 128 98 0
0 82 88 105 142 148 0
0 47 64 107 108 119 0
0 73 143 181 0
0 49 50 120 182 0
0 15 81 0
0 32 179 185 188 0
0 3 77 174 186 0
0 76 121 191 0
0 62 66 112 195 0
0 54 111 189 0
0 41 42 100 101 129 171 0
0 139 157 172 198 0
0 63 78 92 141 192 0
0 7 114 187 0
0 53 118 125 190 0
0 11 55 159 166 176 0
0 36 51 74 0
0 102 106 110 131 146 0
0 16 96 133 175 0
0 44 52 67 145 184 0
0 48 57 116 0
0 31 147 156 158 0
0 43 86 124 168 0
0 40 80 85 0
0 18 22 35 75 126 161 0
0 12 69 197 199 0
0 10 136 149 150 0
0 0
0 93 127 0
0 138 178 194 0
0 8 123 162 163 0
0 91 99 173 180 0
0 45 56 60 169 0
0 1 152 0
0 5 21 68 84 0
0 122 144 167 196 0
0 2 97 113 134 155 0
0 27 30 59 130 0
0 109 140 160 193 0
0 6 153 0
0 29 0
