Objective value: 9565
Running time 1637.5673282146454
Solution
0 217 218 269 348 367 392 423 453 507 550 588 686 136 125 18 102 0
0 216 239 242 254 380 389 482 518 549 699 134 203 214 215 589 0
0 682 8 161 32 396 41 76 155 196 291 593 340 391 435 480 537 0
0 426 574 585 614 630 633 56 58 96 112 142 175 189 276 343 0
0 11 37 104 141 244 290 395 80 417 449 424 456 503 552 568 0
0 569 43 289 59 156 226 279 336 452 463 564 0
0 283 284 293 397 596 17 51 70 84 92 115 117 174 599 0
0 490 535 600 644 653 10 150 177 238 341 245 304 399 405 0
0 393 436 440 450 505 620 627 695 21 118 132 147 206 372 0
0 268 404 428 469 602 652 19 28 159 36 205 555 504 258 0
0 520 610 7 5 25 52 99 122 143 169 170 273 427 496 0
0 607 611 697 63 106 178 265 266 281 101 571 346 472 0
0 566 577 603 676 698 4 116 369 120 201 187 286 305 309 410 527 0
0 624 641 650 684 700 183 199 224 419 529 444 557 595 613 578 0
0 248 295 349 353 375 483 638 649 663 692 87 91 227 241 0
0 582 674 12 14 75 168 81 88 259 376 390 471 0
0 213 262 312 388 412 433 493 559 689 66 100 148 506 185 0
0 572 642 654 22 57 379 381 384 500 558 672 0
0 683 50 16 172 263 264 332 385 467 477 486 528 547 580 637 0
0 313 350 398 458 464 590 680 79 204 209 267 298 0
0 696 47 200 237 277 285 308 300 327 335 358 539 565 598 0
0 211 373 387 462 524 526 629 681 35 49 61 111 26 123 151 152 163 0
0 640 647 667 46 64 113 193 208 296 342 422 253 543 631 0
0 13 34 207 345 361 454 581 657 94 378 0
0 609 618 670 694 38 39 77 210 282 287 316 455 271 489 575 0
0 608 646 129 145 219 236 261 278 310 658 363 508 0
0 553 622 632 673 675 83 27 62 153 225 301 429 442 473 545 615 0
0 612 621 662 85 138 173 411 460 487 502 347 492 0
0 522 536 560 648 656 665 669 687 103 157 192 307 439 461 484 485 494 511 0
0 616 634 668 690 6 44 229 247 319 321 338 370 401 434 532 594 0
0 430 517 548 617 628 60 128 131 135 158 160 403 280 323 0
0 515 521 533 570 576 643 664 54 198 320 337 382 400 437 476 0
0 48 181 368 240 243 299 270 354 365 371 459 510 519 344 171 0
0 583 635 688 23 109 275 292 154 294 362 441 466 516 525 0
0 33 97 119 311 315 414 438 446 605 586 0
0 475 509 513 514 561 639 1 67 107 114 139 383 222 256 0
0 72 105 257 317 359 69 406 465 546 182 655 677 29 0
0 523 146 562 567 573 330 231 355 167 133 202 127 386 0
0 457 478 625 660 666 74 149 165 232 235 334 252 306 176 314 326 0
0 619 636 82 191 246 250 274 447 184 325 328 377 413 415 445 544 0
0 443 554 693 55 3 89 108 230 324 366 540 351 425 0
0 166 180 190 197 272 329 451 468 481 499 563 685 30 223 110 0
0 407 420 488 584 591 90 20 78 121 195 221 249 0
0 45 98 124 360 409 497 501 659 678 15 71 0
0 364 498 534 623 68 233 126 251 357 140 220 137 0
0 470 512 531 541 626 671 691 86 234 303 318 333 394 0
0 587 601 24 42 144 162 186 288 356 179 374 421 491 597 0
0 164 302 322 331 418 431 448 479 604 9 40 53 93 0
0 606 651 73 95 188 212 255 260 339 408 432 556 530 579 0
0 130 194 228 297 402 416 474 495 538 542 551 592 645 661 679 65 2 31 352 0
