Objective value: 15522
Running time 1194.5240306854248
Solution
0 280 301 303 361 435 441 449 481 492 497 221 11 1 63 28 8 69 26 150 183 73 98 57 55 18 242 0
0 241 260 286 288 320 379 387 388 404 413 417 438 440 447 450 7 95 21 6 17 197 70 240 0
0 170 233 287 304 309 353 380 386 391 416 427 429 434 446 457 491 24 38 12 189 34 71 124 0
0 128 137 140 188 244 318 378 397 409 463 476 478 479 499 16 9 108 10 25 60 48 89 45 106 0
0 114 117 122 175 176 187 200 201 218 236 243 274 302 307 336 341 343 347 351 359 421 439 121 20 59 0
0 76 102 109 178 215 219 257 268 269 311 312 316 390 393 399 401 428 436 444 456 459 468 490 27 35 97 86 0
0 29 36 39 81 103 116 118 134 165 194 261 281 305 310 339 350 356 395 453 460 472 19 22 144 13 3 91 0
0 46 68 90 105 119 127 135 142 151 168 184 199 239 264 267 283 289 300 372 373 406 443 469 483 488 0
0 77 93 169 177 246 263 291 327 332 354 362 363 365 392 426 433 482 493 494 495 496 500 40 42 88 357 0
0 58 62 66 72 75 99 100 104 132 146 159 161 166 193 229 234 245 248 256 368 384 431 474 477 486 0
0 84 110 113 179 235 252 270 271 306 328 334 366 376 396 448 67 74 14 31 65 15 0
0 41 44 61 83 85 94 125 141 149 154 156 180 186 191 205 206 253 273 279 294 324 340 342 355 370 375 415 51 0
0 126 130 131 133 139 216 230 259 276 277 296 308 321 331 346 369 371 381 405 424 437 480 0
0 5 54 120 129 136 155 173 185 204 210 222 226 251 254 272 325 326 335 412 418 422 475 198 47 2 37 0
0 80 92 123 148 157 163 172 174 237 284 313 315 322 330 337 352 374 411 419 432 455 466 473 485 0
0 33 87 96 107 112 147 167 208 213 220 265 292 297 382 389 394 458 462 484 498 23 203 238 111 52 0
0 50 152 153 190 195 209 211 212 228 262 275 290 298 299 323 338 345 367 383 398 410 420 425 467 4 115 0
0 32 64 101 143 181 196 202 207 214 227 247 255 266 344 364 377 402 403 408 465 43 225 30 49 0
0 53 56 78 82 158 160 182 192 217 223 224 231 250 293 295 317 348 358 385 400 407 452 454 464 471 487 0
0 79 138 145 162 164 171 232 249 258 278 282 285 314 319 329 333 349 360 414 423 430 442 445 451 461 470 489 0
