Objective value: 7333
Running time 1602.919248342514
Solution
0 564 663 114 69 105 155 173 266 318 371 401 403 427 0
0 194 292 305 395 417 426 435 178 186 0
0 643 672 2 43 35 77 151 189 285 468 500 0
0 341 349 383 507 573 574 667 379 294 0
0 68 88 152 162 165 412 441 442 450 579 660 0
0 391 437 443 552 600 655 67 150 167 228 367 234 343 365 0
0 566 576 631 647 678 697 227 431 469 474 0
0 142 352 609 4 55 0
0 399 582 85 159 226 53 342 0
0 216 272 338 510 588 674 25 200 0
0 515 541 599 612 648 19 32 44 177 242 254 460 0
0 188 202 253 276 306 326 345 416 636 695 66 0
0 536 548 551 587 595 613 160 303 316 347 502 0
0 568 592 622 680 31 75 117 166 205 436 538 0
0 297 302 320 439 483 516 528 86 91 92 100 170 0
0 264 274 312 618 5 29 54 161 180 230 0
0 479 496 544 590 28 104 172 386 396 421 459 0
0 640 18 84 144 181 187 438 116 491 558 562 0
0 23 120 526 540 627 410 484 0
0 601 24 238 449 476 486 547 549 553 0
0 119 218 355 214 231 651 686 0
0 664 669 83 109 185 286 346 378 392 615 0
0 325 414 471 535 585 641 17 97 99 310 307 0
0 263 357 394 407 487 524 610 692 37 49 74 0
0 447 461 489 633 129 429 190 281 308 444 0
0 255 270 287 373 406 477 512 514 575 657 33 0
0 398 415 6 21 89 137 138 232 273 299 301 0
0 369 440 506 571 589 691 52 118 171 368 0
0 673 40 135 175 319 282 333 550 0
0 653 45 101 111 262 408 432 529 591 606 619 0
0 72 279 321 374 380 243 603 679 682 0
0 322 328 425 466 73 296 0
0 197 211 267 313 624 26 64 140 0
0 229 337 350 390 478 499 518 527 654 115 145 204 206 0
0 659 676 48 78 233 240 259 418 532 570 635 649 0
0 586 689 50 98 133 148 153 472 0
0 448 473 517 522 572 621 128 212 221 224 250 372 0
0 195 208 452 463 542 661 38 113 126 149 0
0 348 397 404 607 696 317 102 219 247 278 0
0 210 223 336 359 363 539 688 3 22 304 93 0
0 220 559 275 629 324 8 46 58 0
0 523 530 534 555 557 604 681 13 121 168 330 354 0
0 554 556 597 638 20 122 179 283 356 361 364 375 0
0 260 300 470 620 632 106 480 198 0
0 493 617 662 668 141 422 428 455 0
0 521 690 15 41 62 103 132 249 236 0
0 235 241 488 537 637 51 70 87 124 131 0
0 265 280 376 385 605 639 698 146 0
0 409 494 644 61 134 258 311 451 335 400 0
0 95 191 207 464 513 626 634 201 12 0
0 71 79 81 184 309 381 495 616 628 0
0 578 625 687 30 183 256 457 481 520 569 0
0 611 623 245 1 39 284 430 504 358 580 0
0 581 596 646 677 699 14 76 125 147 239 246 288 0
0 405 462 602 650 192 251 277 314 353 362 0
0 509 683 112 164 222 252 332 339 482 0
0 508 563 65 237 157 169 261 295 327 388 419 0
0 658 666 130 196 271 268 293 420 454 656 531 0
0 458 492 505 511 584 630 645 671 34 209 215 351 433 0
0 413 465 598 36 366 387 0
0 685 82 94 213 107 248 370 445 467 503 546 0
0 434 453 567 27 139 143 446 289 642 0
0 577 47 193 203 560 565 0
0 475 593 608 684 60 90 257 323 389 0
0 402 411 543 594 9 136 331 377 384 0
0 424 490 497 545 665 670 675 80 123 158 174 182 298 217 393 0
0 382 423 456 525 533 614 700 56 225 244 340 360 0
0 583 694 11 16 59 96 291 315 0
0 485 498 501 561 693 7 10 42 290 108 156 329 0
0 176 269 334 344 519 652 57 63 110 199 127 154 163 0
