Objective value: 14460
Running time 1279.8320751190186
Solution
0 517 522 526 541 694 726 846 875 104 107 163 193 242 287 298 329 256 333 399 424 493 510 0
0 391 400 508 601 621 776 805 818 847 2 23 76 78 155 170 314 323 0
0 598 622 677 723 730 742 798 811 994 536 140 204 215 307 249 251 280 316 337 503 418 528 0
0 664 687 689 713 740 770 787 861 864 907 965 70 124 150 173 212 375 268 406 466 470 484 634 0
0 479 609 745 757 804 897 30 68 98 128 143 266 377 273 350 381 0
0 830 843 894 895 928 933 991 31 148 224 293 353 439 535 548 620 641 700 402 815 0
0 682 797 824 918 145 326 335 357 429 524 586 610 626 676 0
0 793 866 888 915 924 930 982 9 1 38 129 159 297 369 370 431 473 595 596 606 638 652 0
0 636 661 727 741 778 823 839 969 996 3 164 176 196 223 321 330 367 392 469 608 0
0 624 680 684 903 908 966 972 141 146 181 313 388 462 582 599 0
0 281 282 315 491 500 646 648 825 80 106 393 136 207 0
0 149 379 384 521 554 577 605 615 617 695 699 731 827 853 863 946 971 259 45 692 51 113 0
0 456 475 549 566 635 764 789 800 832 887 902 988 60 91 93 178 185 217 258 339 409 447 0
0 270 272 285 289 343 542 612 625 668 890 927 958 960 999 192 16 332 22 37 41 59 138 0
0 889 899 944 95 123 160 209 239 240 267 464 485 90 557 300 580 691 765 771 228 816 872 0
0 253 334 387 415 430 451 544 659 674 981 28 36 53 61 88 157 162 0
0 495 512 540 611 698 714 717 735 738 884 945 7 10 35 115 230 338 428 448 487 0
0 653 703 728 867 922 947 949 47 82 182 277 461 368 507 0
0 275 325 411 474 555 572 616 630 633 751 796 808 826 849 851 881 893 934 378 32 33 75 153 200 202 218 232 752 0
0 257 317 383 413 465 483 543 623 639 709 720 775 795 865 910 126 81 154 191 247 250 0
0 169 190 229 344 349 482 669 746 786 820 822 856 869 940 951 985 17 56 58 116 119 0
0 262 346 407 459 486 494 506 584 650 923 943 956 5 39 137 216 243 274 254 395 0
0 342 529 550 552 604 640 868 900 12 55 102 127 135 201 214 233 340 0
0 758 780 782 817 855 953 967 980 18 26 114 206 365 488 505 523 655 686 0
0 547 581 618 690 712 799 801 829 968 94 175 198 252 283 304 440 435 472 0
0 909 71 14 142 179 327 352 360 374 443 444 520 670 790 821 896 0
0 471 478 534 570 642 666 675 729 755 785 936 974 997 11 29 144 302 305 312 351 408 718 397 0
0 551 567 579 587 721 737 753 874 912 919 950 67 139 184 238 279 50 301 288 309 363 376 509 0
0 496 525 649 696 702 711 716 860 926 987 131 260 278 286 322 414 372 457 328 481 0
0 627 681 704 806 834 882 948 961 975 995 27 43 46 57 120 222 235 290 308 553 0
0 405 538 564 573 632 658 673 725 754 774 844 850 929 937 1000 195 261 396 401 0
0 533 556 559 574 679 722 743 747 862 4 8 52 72 74 83 152 245 248 276 425 497 0
0 468 490 562 565 643 734 841 859 880 957 984 73 42 151 171 92 231 236 269 292 294 446 0
0 545 568 571 576 585 592 597 628 838 873 886 901 906 942 977 220 264 299 382 412 436 511 0
0 434 452 453 527 539 724 739 744 835 840 854 878 935 25 44 63 432 156 234 241 385 386 437 420 433 0
0 588 602 697 701 736 748 810 833 876 898 911 932 85 34 177 199 359 389 403 417 454 458 561 0
0 857 892 931 993 998 20 96 101 111 118 227 341 366 426 504 0
0 644 763 768 769 791 809 845 917 976 986 165 166 213 219 221 237 364 450 492 0
0 537 558 651 665 750 812 837 879 914 962 69 295 310 371 441 476 518 519 530 0
0 600 662 733 760 766 777 939 973 6 84 194 205 210 336 398 445 480 419 423 578 0
0 531 563 575 788 807 836 870 891 952 15 19 133 168 271 546 303 390 410 460 0
0 683 685 688 693 710 719 759 916 959 964 99 125 167 180 255 345 348 422 513 516 591 645 656 0
0 442 455 489 498 501 583 594 613 657 705 779 828 871 920 62 117 122 186 188 208 246 354 284 0
0 356 373 416 438 672 756 781 784 803 40 87 89 97 109 324 130 174 320 0
0 663 667 773 905 963 970 77 189 103 110 100 112 132 477 514 499 515 0
0 762 767 814 848 921 978 79 147 172 48 355 362 404 427 532 560 671 0
0 311 361 421 607 614 654 660 706 715 792 802 858 925 955 108 226 24 49 105 134 161 183 211 225 0
0 631 647 678 732 761 772 783 794 813 877 938 941 954 983 989 64 121 187 319 394 449 502 331 590 0
0 467 569 603 831 883 904 913 979 992 21 86 158 197 244 619 291 306 318 358 65 463 0
0 347 380 589 593 629 637 707 708 749 819 842 852 885 990 13 54 66 203 296 263 265 0
