Objective value: 9635
Running time 1539.6448969841003
Solution
0 823 849 963 140 237 451 585 765 793 46 0
0 221 241 357 521 650 686 847 911 926 33 41 107 202 0
0 412 548 777 861 128 397 82 211 252 0
0 14 261 43 517 694 476 837 934 0
0 479 498 515 577 584 649 697 701 741 762 831 905 931 992 0
0 99 437 578 604 957 85 247 0
0 570 592 626 652 947 63 271 356 367 472 484 0
0 514 636 664 700 712 715 717 774 784 803 974 208 249 334 382 401 504 0
0 525 882 988 108 218 269 319 345 342 391 452 0
0 47 205 320 435 474 790 0
0 902 177 216 400 499 799 0
0 807 808 869 919 962 60 199 441 571 732 0
0 262 263 346 426 449 492 558 576 48 122 527 182 0
0 559 824 856 906 913 990 996 51 62 76 223 337 0
0 771 894 967 245 477 602 659 731 0
0 77 125 135 230 354 450 839 4 7 38 0
0 24 90 130 215 414 572 625 669 720 900 950 987 23 0
0 964 104 212 227 273 377 555 898 267 0
0 12 52 72 120 353 415 496 528 754 761 802 865 960 973 1 0
0 164 197 198 421 541 601 608 841 868 892 994 143 149 0
0 634 825 965 986 83 183 207 315 464 483 488 0
0 661 695 935 946 955 270 338 422 443 557 0
0 351 396 482 540 550 581 594 835 951 36 165 317 0
0 709 782 805 924 86 131 447 463 500 0
0 171 172 497 513 549 734 764 923 39 151 0
0 721 766 975 94 233 420 615 0
0 290 465 590 685 708 759 772 22 88 176 242 0
0 210 456 519 546 751 838 873 6 124 129 132 155 0
0 360 553 676 683 737 756 188 204 225 304 343 0
0 313 378 457 551 671 713 719 723 822 864 146 265 278 0
0 297 468 561 610 611 742 795 855 889 961 84 291 0
0 438 858 879 908 45 103 111 0
0 853 184 196 281 284 0
0 663 733 753 770 860 166 589 277 0
0 631 667 689 692 875 999 109 302 190 369 411 467 0
0 292 707 724 857 920 114 144 258 0
0 96 282 494 536 641 681 792 843 877 918 0
0 186 224 235 257 653 890 909 49 0
0 70 95 160 220 446 639 736 776 797 624 0
0 690 699 887 71 89 321 363 402 0
0 113 368 505 547 739 0
0 57 80 191 788 0
0 820 79 148 309 311 336 394 705 0
0 599 651 656 748 752 112 556 0
0 532 726 815 828 942 958 136 288 376 0
0 232 266 274 389 509 554 567 684 738 932 933 17 185 0
0 398 512 614 627 749 763 804 895 56 217 364 491 0
0 187 485 747 813 896 61 65 67 105 0
0 475 580 806 938 26 323 329 473 0
0 458 469 706 812 8 243 399 408 0
0 431 440 501 510 564 583 633 848 59 159 276 296 335 348 365 0
0 388 486 755 888 922 939 73 139 161 308 330 349 0
0 775 940 123 275 432 563 662 0
0 569 643 693 773 863 891 930 971 995 192 231 307 384 417 530 0
0 206 255 362 373 462 640 796 801 969 0
0 543 618 688 953 984 5 156 423 460 0
0 392 410 537 704 725 744 859 893 35 87 178 213 256 325 0
0 385 409 436 495 609 657 687 691 718 836 954 147 0
0 677 814 817 966 970 3 333 413 419 490 516 655 0
0 884 945 21 55 53 181 328 405 424 842 0
0 244 358 489 565 598 728 735 758 826 991 2 58 75 118 0
0 507 668 670 710 821 459 0
0 917 370 538 607 646 0
0 93 240 344 371 612 637 673 575 294 800 0
0 658 778 811 904 98 153 64 201 289 272 531 0
0 746 867 929 16 25 355 478 545 630 0
0 506 862 937 949 102 138 455 0
0 106 141 326 359 434 480 511 34 44 0
0 698 730 786 50 78 162 214 298 380 566 591 654 0
0 194 470 621 743 779 798 816 833 854 134 163 0
0 542 632 648 702 769 852 886 910 983 15 97 246 306 0
0 522 586 976 978 1000 11 27 403 0
0 533 619 740 866 119 137 280 92 285 341 361 0
0 429 493 520 620 675 989 226 239 283 305 327 0
0 268 387 600 666 870 916 921 959 32 222 238 0
0 596 622 703 781 846 28 331 534 560 0
0 322 539 544 660 845 874 418 526 0
0 562 617 665 714 878 981 9 66 299 406 427 0
0 347 404 407 439 682 789 818 972 189 253 286 0
0 229 236 518 524 881 30 110 142 0
0 260 444 603 768 851 944 13 91 115 126 0
0 982 19 173 579 642 780 787 872 880 0
0 81 375 379 383 442 574 757 785 928 10 0
0 339 430 597 645 830 885 175 248 264 312 0
0 941 956 445 606 727 871 876 0
0 179 250 293 303 433 523 568 613 42 54 0
0 314 587 623 899 925 977 180 150 154 193 0
0 629 716 750 794 827 840 850 914 968 979 200 352 481 593 0
0 997 998 101 254 395 745 844 912 952 0
0 340 487 529 573 635 897 985 157 295 301 0
0 170 195 332 471 672 907 20 116 0
0 679 834 883 927 943 425 552 638 674 0
0 466 588 832 74 152 279 287 366 0
0 40 234 374 381 502 760 903 980 993 0
0 219 251 386 791 829 901 37 68 69 133 145 0
0 616 644 678 696 810 100 174 416 428 535 605 0
0 168 316 350 393 628 729 767 819 31 0
0 167 209 259 310 318 372 448 680 711 948 18 29 127 0
0 324 390 454 461 503 508 595 783 936 158 203 228 0
0 453 582 647 722 809 915 117 121 169 300 0
