Objective value: 6902
Running time 765.3604290485382
Solution
0 431 2 44 60 228 83 92 154 236 305 349 0
0 178 238 247 284 396 443 446 453 139 258 0
0 346 485 498 4 58 99 130 31 166 0
0 338 379 398 37 69 125 158 244 321 266 307 316 329 332 0
0 210 309 311 347 386 401 403 7 72 94 117 137 184 0
0 36 63 39 88 175 227 326 327 422 0
0 233 282 341 375 410 38 142 54 78 159 201 0
0 413 173 479 378 140 405 286 330 0
0 163 313 317 358 385 418 133 177 53 77 0
0 301 459 472 35 43 68 110 252 278 292 0
0 279 203 216 232 335 388 461 57 239 180 0
0 128 328 126 255 259 370 438 449 93 0
0 331 343 457 469 46 80 104 277 291 0
0 423 115 156 191 243 245 299 368 280 390 0
0 45 96 296 75 473 480 489 11 33 0
0 406 427 491 494 186 213 215 235 181 281 371 402 0
0 114 47 131 170 351 389 3 84 0
0 377 404 425 454 496 102 70 230 120 344 348 373 0
0 217 312 260 334 372 435 64 183 200 0
0 433 25 41 144 174 298 302 333 345 421 0
0 315 477 484 118 50 283 355 408 0
0 8 12 149 192 107 246 256 261 319 448 470 0
0 436 447 463 1 9 55 67 82 119 205 294 387 428 0
0 23 112 196 160 198 272 362 384 497 0
0 415 464 493 79 111 145 352 367 394 0
0 257 270 295 429 430 441 458 5 49 103 162 0
0 488 21 73 105 113 151 6 276 164 195 208 209 0
0 127 136 188 306 337 365 15 17 241 220 303 71 0
0 86 148 189 206 207 27 218 342 353 363 0
0 369 420 445 452 482 108 267 268 273 364 0
0 361 392 400 455 492 199 251 339 0
0 399 424 51 74 85 138 185 287 0
0 250 393 426 440 456 478 24 264 122 152 222 0
0 123 153 161 223 229 366 474 52 0
0 359 409 416 419 451 467 56 310 323 0
0 150 187 254 304 442 0
0 132 168 193 219 221 234 391 412 141 90 0
0 42 19 95 237 285 242 290 357 434 468 0
0 354 381 395 417 13 146 226 248 288 340 0
0 18 20 101 121 320 165 204 300 318 499 0
0 263 293 324 297 475 26 34 225 249 0
0 495 14 40 48 116 135 253 380 466 483 0
0 308 22 29 76 265 336 194 190 271 356 437 28 462 0
0 171 172 182 211 275 322 374 397 62 16 0
0 30 360 382 414 460 89 465 10 0
0 231 314 411 214 224 471 59 61 65 106 134 0
0 376 450 490 100 143 147 176 350 0
0 439 487 81 109 97 129 240 155 66 202 157 289 432 0
0 481 32 91 124 169 179 197 274 325 212 383 0
0 476 486 500 87 98 167 262 269 407 444 0
